2000
-2.4934283806484814 1.0848248082577072
0.25119052811552756 -1.1724009133693318
-0.447474411008038 2.430434018980673
8.709847434052229 8.218972806499181
-7.4168128794922765 8.398514362436327
-8.409927014106998 -6.274637872883792
-5.589354281304136 -4.121630212804455
-1.42236288270656 4.870984601131472
-9.112211985792232 2.4734677338806996
1.7857124133920284 -5.924416249964448
0.4970197868534534 9.200311677233262
-8.005772341909044 8.279698974192897
-0.5513461122827046 1.4382132450386358
-6.451398938552271 7.822612590484212
-4.844220374075128 -6.791294334187771
-7.25242970519975 -6.244780691258141
-1.2155303448789425 7.226616668475852
-2.3056428275400442 4.945855573494766
-3.964792649550777 1.1530893401740911
6.354943457979125 7.137896082202719
9.39344928847741 -0.9058603943161181
-6.038233597774825 -2.4562804671775655
4.794268663704457 6.626607232749329
0.9206664516373841 -9.38958481569152
0.9780577861137747 -2.5033599162491305
8.023454469609398 -6.731615123470327
-9.228699391322028 0.624136208417907
7.038006725539542 1.274785790611766
0.10844969698772466 7.1598505364454255
-8.357694726206057 -7.810469385190348
-7.182014320417782 -0.9198556637494253
6.188398144789119 -4.9276592632425125
-2.972244292433979 -6.832346490391911
-2.07323796085684 2.1651453391786646
2.5017317676799617 -2.785585499273868
2.0911002544043384 -6.3751191093436965
-2.6976576843311406 8.897282955831539
8.638126770507121 -7.20246204495232
-3.1204114834509973 -7.986246944933675
-5.543577945410196 -3.4249129524232576
9.020160153489137 -0.3704304788267354
-4.497012318607013 -6.947319776394338
-5.95318237659999 -0.822192827908502
-0.4043658250621114 7.004327120004827
1.2403228225461334 -9.33763411547963
2.48389986159612 2.6210063889189943
9.663250194774694 -4.1428746486581725
7.340696688554754 2.50597424967361
-5.602978777040972 -6.2447325768935595
0.9614400550394286 -7.902211017830576
-2.339449965657474 5.51157117781054
8.726925411263409 9.492375683552023
8.360916580904085 -9.266244526884954
-5.2192336721582455 -7.938776917519414
3.3335104576934853 6.217228814347486
-6.108276222132904 3.3135831238122613
-1.1388749457435985 -1.919106788980658
-2.8841972476942956 -3.873660532639951
2.018510217367673 8.749918220694898
4.642503587660327 1.7659773900193514
-2.029076141753401 1.344693228953746
6.104176459578635 8.052873418777306
1.5622521097057263 -4.226554680819747
-8.853080524003394 4.568912855711705
-0.6396958409029079 -6.810717491569653
-8.793967001869916 7.98521066098591
-8.216090004227555 -1.5392828300314108
7.198543235320795 -3.612498764417169
-5.981507518170277 -6.08200555447949
7.239851837369709 -2.0974569924369284
9.133806764856335 -8.124161415785833
3.511104183579709 -4.020336089276686
7.149570797592531 -1.703493073708188
-1.9516118974393653 -8.642648531515382
9.751755380296753 -4.554675440649487
3.4944164880124617 -0.954420330297765
-8.055686092546354 -2.495844043390905
-3.2521288279626255 -2.4196570127907187
9.12817853259562 9.846546305963255
-9.034876632475605 7.357644386960086
0.9313750330680843 -9.95845183357342
-5.4864273371734456 -4.970028179376262
-8.428862003515905 6.641538246939046
4.245377442518453 1.7490789040239552
0.6109422544790064 0.42259409308758755
-5.145116474612086 -5.53533944404858
-2.317601097344033 -8.015704171724467
-3.897410907461203 1.539301486005387
0.0739888078437474 9.47909554753683
-4.666986779391344 -3.3841444972331676
3.0456494410136727 -9.270323229903903
3.9833637297281417 -2.025806778723746
9.310245098752617 5.106002262439269
3.6744436962228573 -5.45996452246807
6.330004335382583 2.272046773125197
-0.005250135324263994 -5.7406187695550015
7.908015592942391 7.27546918895953
0.2332590334044653 -4.272200370912033
-9.98807979386833 4.44178156411002
-4.914068759378787 9.764664625261393
9.848969483153734 6.1478381348578
3.7554764771597853 4.048161816181226
1.9186378986227144 6.787756907712673
-3.1165188126990984 -9.022292065439352
-4.8989775175183015 -2.8923330849825106
2.3985058307441225 6.606175844351547
-9.203712208458366 -0.42605065379366813
5.633306956972232 -3.2148726150901563
3.712442666281955 1.5529334323509083
-3.041139009422511 -4.407987334237244
-5.894223409698878 9.818274377116381
-2.2975931867372257 -9.340906290013821
-6.889699157774157 7.265537711186642
8.261245386477661 0.19962085284965525
1.2495831259063355 0.7017837870586234
-8.906429533399848 -2.6724214845221805
4.306391068997868 7.191229152073223
5.662143597347347 8.693090704302659
0.4325853897630907 -4.323647124770806
-7.573860482606676 6.506368618594841
7.713748508751237 0.4570800929518608
-1.378961924086898 5.698848972927914
2.360048261971297 -6.401025334561754
9.835960139849192 -8.729028336309243
4.276886210501601 4.454636372899884
-1.707624048916145 -5.198193190921742
-1.0241068794982375 6.220794969385899
1.2476498830014027 -6.353460033720417
2.6188796487023236 -8.183135953753258
1.0914157193742575 1.5235910384366296
0.44437506350882217 -5.640995941031992
-7.527697075780084 -5.006062771946647
-2.091581620992793 -8.882978695863592
-8.812925229352759 -3.2390220594197476
-1.4217040642773071 4.079718065252161
4.583760569161413 -6.229927458012304
3.149957956800776 -4.882420629301938
3.8749032382842437 5.7626577099562475
9.916870993558554 9.219972269410846
-4.9734294116290005 -1.7593729248015588
8.600090139397576 5.397315619446065
-3.2166893675328634 -7.277545422850165
-3.343615596567952 -8.423053858781318
1.908762631530177 6.723297699625213
-9.98674308210168 7.184707892477412
0.8661691075525866 -3.9328729532144813
8.63674798065108 -4.907444745589147
5.932560478340845 -7.060315402667241
-8.580060636385408 -6.774248669063212
8.134919077164781 -5.483128111162121
-5.412903275754076 -4.638474684850237
9.416160602214553 -0.9460557207146785
-6.859559870472538 0.5143229740271575
-1.9166997170707418 8.996660363005894
-4.16646042157899 -9.208919696346854
-3.1402996610458693 3.976338173628653
0.7373850782619868 8.713222438581674
9.757836861694358 -9.523474008409309
0.6721958467465505 6.74036667075319
6.508539027120811 -0.49020460888566575
-4.389925947086086 -5.905990086838613
-8.572800631848583 8.818937277913811
2.6106385209940406 8.967734413569008
7.366980031633982 -8.082377643101532
-7.06620103935844 -2.176230966363546
4.803565890200922 2.7113727485649477
-9.319128774556562 7.714012618281281
1.115556570261841 -8.509526404987433
-2.352740367605999 -7.573083678749837
5.769112813567974 -4.23777647912241
5.026963167809949 -1.2501111797026923
-6.614993278647356 -2.309277833808352
-5.808799751951456 -4.749812120632642
8.560757522025856 8.838156718163994
-4.029532245463072 -7.284471571309283
3.8400639597319337 -7.5476564016775
-9.298608723101049 2.758922794732321
5.3662765861853 3.7210546523067283
9.756748218521519 9.080555635144712
9.52618517184839 -0.7855575775344814
3.359080169802235 4.492769022054601
-1.7150733554085207 -1.8373397349824767
9.185337556147331 -3.9474815057736157
0.9323468184303589 -9.733451584253325
-8.397959031668101 0.5089420755954492
5.605692275144316 -2.58494686490772
2.327457462795202 2.7619671948131437
-4.77697550978678 9.983803468434218
-0.10065616792869925 -8.858845889065288
9.35628731552612 -7.6849201625495915
-2.466182247746451 -4.947731641489501
-3.9075055773849137 6.530165431438668
6.792967049802744 -7.097657918536884
-3.923972178823936 -0.9991348035384622
7.93582646262897 -8.79772083052427
-5.30543240443901 9.607758653235862
6.90938549973626 -0.6406771654189747
7.7657148914128165 0.3385274742896982
-6.356667716809796 -1.0899894210139554
-8.899107548864338 -3.169513315396162
-3.355751561221078 -9.192507343722308
4.967638548699087 -5.86277521818392
-5.157974816590629 -0.13460063414775725
0.7409468390430867 -3.6999582224434295
-0.7767168808140141 1.5737037484320524
8.928834494150117 -1.7693440981179158
-6.006379694099309 -6.759682151018389
-4.7231583375038095 -2.0375708099372396
9.84254202997796 -1.2245611272005856
-5.199280323570569 7.503141769332501
-9.658049740537473 -5.5760564336114875
-7.633933181707089 -8.676864590496995
6.591119383617219 -8.635591251590364
-7.17177059257444 2.9384106485888832
-5.07191046718158 -9.668381836008795
-6.234700033448977 -7.900935584070339
-2.140532688684753 -6.717300454182798
-0.5184205713443486 -2.230784213569626
-0.6823615995627819 -2.3846868108666026
-3.77159351131624 5.385365286629879
1.9364282977558211 9.559593723824346
5.483782069288958 -9.194094846554979
-3.756709213914073 -4.896163348470974
4.651751616123489 -2.0847219057232724
-0.5018834462206083 -0.8228109810797886
-7.312961441368322 2.0220742870029156
-4.634192952003859 6.800898493603622
1.9199532373870838 -3.008878450819516
4.691767391011371 -6.467056547582894
-3.2488670913242075 -9.524578299797328
2.3565237508898846 -3.2308375745685662
-5.094800206742704 -1.335449618993664
5.517685657851883 -5.672734049879491
-2.4230453550402125 -0.3580640675083817
-5.495481144451732 2.2284104618803156
1.073256552267372 -7.25579841086621
9.21241215179802 -0.2957164312422975
4.448269393844617 0.24153772972466392
-8.948437247958882 -3.8040587903357714
5.149286017367746 -2.7911366315230923
-6.663764359750878 -7.526094032917056
7.8348719060217675 5.633300319886201
1.4579737163125834 -4.00266743674784
0.2966091832290747 -0.39571907744252677
8.268178792497697 9.243313794547333
-5.18976379697995 -0.14162232026069432
-0.19748984660820312 -1.0243105897015816
-6.7384694361601305 8.001735205824385
1.8115747772087705 -5.714001659026142
-9.963204510623015 3.4087600333362644
-1.4805795579021908 -8.27249910393297
-2.0626473332283046 -0.9034919380466775
1.6133704276825185 6.976470030417353
9.271973222763975 6.799986924689556
-0.3242266432236818 4.193238129316441
6.800704174874685 -3.975626176566487
-3.8997315921337634 -3.38122929775783
-2.6519096148610544 7.025938446641803
6.992199864715406 4.930808087432139
-5.32669114711916 -6.525776760416586
-0.3651525893456409 3.496908007655275
7.579276754714897 6.97383392515259
6.810167039603602 -1.1000010753898852
-5.737681901426608 -7.32503677443078
-7.405228221638747 9.975336284903161
4.548506304434895 2.877556107843164
-8.79109121979855 -5.913968006156008
7.932333708964848 -6.1651958889790865
-7.92177474443122 -9.522384496596235
-2.772112642037408 9.887437159562754
1.4751416741820655 8.290354743437423
5.162244228176796 -1.3889324009815311
-6.061310646058297 -5.828634661547277
-5.6146725201328636 0.8346169142253306
-4.871310942815883 -7.583209456147357
0.14000070240606988 0.18863501165843743
-8.147806560379324 -0.8123541822363407
-0.7692985041625846 -1.731885992982809
4.707135497556687 -8.418822033510915
8.948457741867767 3.5451650096599536
4.120158661913667 2.2028850287487884
5.254646344894807 4.8427210812823525
1.5126438465477126 -9.627380108460368
-9.204596818097734 3.481201703324908
3.9109644730232525 -7.788519589583569
0.21310743414905176 2.135858286686771
2.5240515709858506 -6.405529950864723
2.7409041802877177 -7.0066963165841445
-6.35664058950419 2.3172008243142077
-9.789237268736166 -7.02849405127685
3.677377465126188 -1.1868203939000939
2.3750884235852165 -0.43168823997747907
9.214843551025545 -1.628488392942229
0.8364479240721874 7.329341238425833
7.717861270162494 2.0431303594446977
-2.1005050149194116 -8.023113913007895
4.778146244450328 8.286945775560358
-2.696290372433639 -3.082792380027062
-0.17333940744611454 2.8955805761909588
-9.934889622093761 5.144437463539999
-6.2310751025554545 0.8536544653506226
-9.450391969448685 8.485036689638836
9.225331672982168 0.519846017337322
-4.579777293220779 -4.3224264931618634
6.8878085647575595 7.88725157745543
1.2449008795696628 -9.041649561283936
-0.038781155877476436 -3.335158857521135
5.321212293159562 5.624188212487848
-7.260086243369308 8.536083181037682
-1.3312747249959358 -3.530528548514795
-0.9231230061303819 7.189109142370182
0.159407355928316 -2.954679485942302
-8.165046312956045 -0.42395187884010355
-3.5990921641396767 0.36455878905059436
-4.633349468902668 8.347462964719295
3.2571313180280566 4.9769030570241135
-0.34892879735394544 0.5210889049695631
-8.2149723942473 -9.735396820403485
6.92353808797737 9.182359274981955
3.8860618275033065 1.3595308216088586
-0.534484724085635 7.377484829106635
1.1153555510721063 -0.7415014791763817
0.6794636247142893 6.348138395290864
3.8610300005346296 7.514371256886015
-9.344712124868646 -6.129933429359255
7.5007951728702835 3.3063204838996505
-7.857917574335818 2.696247543929342
7.162386084380007 -2.2566593567307454
3.170888992339581 3.968479883001807
3.3589506166381184 7.930936824276419
-1.4687571982938294 -4.050422710759742
-2.959949339914399 1.631676839414002
-6.113721255753688 4.541624920780546
-5.506553049477272 -5.723931285187045
3.518233626961633 8.794031669623472
-9.947614221481768 -2.3689753630165855
5.528188946599839 -8.031607870659922
-2.292371748896562 -0.3910652898974103
-3.2290610282348027 -3.284537361429316
1.4929981460358714 -4.498831501327332
-6.112096773979836 -8.467177435780355
8.90775354791132 -7.654399617265857
-3.491975553447224 -5.089910862620575
1.6586151608478303 -9.811470948047848
-5.981366847577057 -6.568180910298798
3.6488268456368758 6.677156150676687
8.265285012232539 -9.403471078702452
7.411143085160315 -5.28044531334303
1.1216143734025579 -5.7764718741187
-2.9238272184514047 6.874852445994112
-1.9227278338184242 -7.942437601341261
-1.5129549750848703 4.687129248243329
6.824050978771226 -2.455479073183553
-4.784110184269714 -3.6476892792345144
3.2773333886779845 -9.26023459955446
-6.992845590283419 -8.091877444520787
-3.4479722447166683 -7.076096553184135
-5.432688265842152 -8.437053854060078
9.119182205946 -2.2608789498679744
1.640055535278231 9.830209949796352
-1.298481589269775 -3.477533954931971
-8.049413138530069 5.810713793479438
4.423125347124536 1.0007475022309933
4.872153268483853 -1.733917312312247
1.3106179210965845 2.6250171358477115
-8.437483954745588 -6.947685991493078
-5.549924068838752 -5.439141575079571
2.837555579778863 0.03317553238929172
-3.063884393930554 -0.2859937769629468
1.1937646201579888 6.768976957451301
-5.793524266324588 -3.840911326162715
-7.839103781607046 7.077039763729061
1.4375420039742117 9.952578489056442
-5.439422358276498 -6.014049713010278
-9.616756004102427 -5.450696328458903
9.266224026330825 -1.3435205312789638
-2.6281889311880713 -4.094827215561983
1.704121793900903 9.517820757626513
5.131892664041452 -7.162979083578045
4.605078607039559 -0.8314139626907231
-2.2984168391200814 3.3237969924989113
-5.589424041432489 0.5177861871164939
-0.11907909814395978 -0.8284332450846872
-2.743119516182759 8.19178351043287
-9.479528901291854 -6.1718994870375
-1.394892886963051 -3.5909871110908176
2.395615800703199 1.1210972878329972
4.354765447649402 0.32502283406162746
-9.501777060567964 6.307369643346149
-9.32716269837331 4.276192109600823
5.284390756360137 5.058602223336141
4.789976179365048 -2.5987615885691673
7.748992579463241 -9.127424712281588
-0.3400537551209677 -5.2045674122782675
9.1547799432302 6.8870230805568475
1.6479487434142754 0.653202771950836
9.825838250078391 4.186589383912713
2.308021441981536 8.780602886857537
8.622213947662068 5.431603811336171
-7.170787448411049 -4.590107698015002
-2.4554377650385177 7.061843229543285E-4
2.8747873659715104 -0.5757413117192023
4.374707359024573 -5.172391626670869
4.308226939862008 5.90150179312273
0.34002249658841066 -6.27441864589901
-5.305665004997917 -9.688730260827121
9.49657816483078 -2.7684815954388142
5.483285920677115 2.751222094245607
1.8580404163369675 4.864724872869866
5.429979553964214 -5.716717315306097
3.2543221489663647 2.18384776786095
-8.929390067472447 -9.26808689041631
-8.513969880195617 6.13866353499332
-7.027131545199792 3.232134032945739
-9.452222512487996 3.9516893504278485
-1.0042466820646307 9.36579164446644
2.525470164948656 -6.872093498681908
3.939469246954026 3.9003472459117265
-9.770310520818747 -6.820875222516596
-1.2645490289703432 3.94526559590731
2.709349770058303 -6.737168961466013
-8.278943562949854 -0.23316896336130455
0.4968149262004218 4.173621812996329
9.563027968451834 9.553032350598645
7.767709614108721 -2.0113806341290985
-3.9616731597653825 4.095910928594035
-5.444318681941613 4.1565398246289895
-6.849497967713947 -4.3404290496949605
-6.255599107152127 6.933368066614484
-9.045733654416388 -5.772186011315981
4.766129158081881 -4.1941249105588945
9.980495933220098 3.8761525927543268
8.768193242993956 -2.0925033371771455
-6.701605669253981 2.1887344685293186
-1.5342344507255294 9.419364976393766
-5.978905698005108 -3.558507975531433
9.98135298271362 1.5625811320628422
8.455508459213789 1.6986054808904445
-6.321552902426468 6.026079652945782
5.116759722173754 -1.9798318810754996
-3.6711862128985313 4.537734643211415
-4.527939881299905 -3.3453031537532567
7.909923378207303 -2.22537592292424
3.548443615370825 -1.6090633564792824
-7.0889266832300235 9.921661737175594
-1.5667246635964212 1.169173922176503
-1.7662372514033837 -3.0739221210594003
-3.7839939530882516 8.603060379497112
7.603930914724842 8.85851523312224
-3.9358403747225807 6.238731441065713
-4.1293131638998615 9.77979455239933
8.89608100614732 8.178780343341934
5.6481985485303525 2.1256700161305453
6.507500852023398 -6.875565364404399
3.4644380172452323 -3.1398099061896145
4.028500246311882 5.940058191215233
-7.087493777584115 -4.48844553924737
9.231998895174954 -1.480109530778364
8.257304577615457 5.692639081064124
8.48441030099621 2.0377071474246566
3.5323300130146116 -2.178353953197103
-8.976350553977108 1.585874247548313
9.368430402234221 7.496609373340025
0.769202765672512 3.761044667726294
-7.371638281788662 -4.659224948894549
8.013503121155438 7.929533980777627
2.378032246487935 -5.87584255213613
-7.886614840227805 -7.293817460641254
-0.19264472366367968 1.579844212624673
0.694926792331545 -9.393696713434883
9.420648308184262 -3.428086979043103
0.9045137988585736 5.881090459803746
-5.851437164294142 6.135103933371543
3.883492623795906 -6.777357627759142
7.990547856311384 -8.605332331916664
4.913317929546167 -1.674453737015833
-3.621105113311483 -8.51190536219891
-1.4273823005590316 5.2177326703227855
-3.3375760020338348 6.348708756175267
0.7671399839757704 -0.17589012202604337
-1.0600732759707139 -8.425604891964495
-2.3619186309478035 4.402255842150639
0.9304908453551857 1.5930078895115578
5.123809732602865 3.290233443872797
9.649873283646706 -9.050712029406531
2.3445460272625223 6.832372739789967
7.369119830323619 7.776399072953787
-3.0009107379509032 7.399644516908424
9.663659539018546 8.37847832073961
-8.392798549093579 9.097036468301457
-0.6818720653459653 7.338867565733217
5.700804023577032 1.0511179226632663
1.4342149088703255 -6.318014548180296
-9.03833548212434 -6.903240242114892
-7.704145479259051 -9.644926248255963
-6.177211912747252 2.232768272105126
7.378110367620366 -8.340668692268219
-6.80474690793734 8.391959016077081
-7.656857637896007 1.2482400030827527
9.751770023227419 8.871983015655289
4.948666263260847 -8.075844688346457
7.592764258365776 -7.800991766480974
5.501354938985463 -2.2974755842459444
9.140323819912126 4.24712254054419
8.819658325813723 8.476376954002024
-0.25012207248337504 -7.887878909835802
-8.372450378191393 8.102002986783745
9.799006641117074 4.539115977373115
-4.117258622621032 -2.159968230567591
8.907312567436676 1.6291862398014842
0.749935380475435 -1.175610076888045
9.460814537452048 1.1010704294469154
-6.238279537911726 9.594907599281584
-5.241141001733565 3.5596849976093363
-4.8332622284758076 7.717621078774236
0.8710738907456506 -4.975972791820538
-1.4532070697048098 8.130102149903358
-9.313585015539076 1.3928147694930288
5.491598500020787 5.087419630919383
3.655900749861562 6.576981149009086
-7.548115212184543 9.44763187254479
5.375146114059934 3.7039389542552996
-6.151368436853753 8.523976292740521
-2.5776522261797545 7.099296144090836
-2.901790238068214 1.8442142182918015
-0.23809819199712834 -8.322503954914637
2.420263421366144 2.8958657070657132
5.543365427174681 5.923635797423481
3.127170967709713 4.2993477803039415
-8.729995948018807 4.824486426242229
-9.449017666612134 1.839321334906609
4.080702656978284 9.907538911411034
1.8457373516291007 1.3978158041335043
2.2835408229421468 4.9726640779876
8.610118489338838 -7.928999235487315
-4.701125856671673 -1.8482390543091665
9.60741166683405 -1.385259292407298
-5.185713279879989 3.607559583259752
1.8167846977315278 6.852359135869538
-9.776685564560108 -0.5164934621319865
0.6319234981103428 6.791311067650646
-1.6856272110695087 2.6424585198998063
2.230098813613509 -0.06624082107824592
9.695846512268467 5.2826845087896785
8.966763047811828 9.629306480649586
2.5878374353360805 3.695457608608292
-7.892184869728991 -3.6935541577399604
-1.619406724725101 -4.770699541779453
5.2936911379958715 -6.967451839178507
-7.245825094411622 5.951728809919485
6.836488157058412 1.09050253665899
-8.826552259566533 -1.44988088138855
-0.7166616912313284 0.12339815019707778
8.21701397401323 -2.3108896868956474
-9.363703249219817 -7.113077814388347
-3.531761367284572 -1.657279933515646
3.2010327894372566 0.7624294914586098
-7.408953258988231 -8.454843154536256
3.2436474038376915 -7.078087061532186
5.7327061070675605 -8.444931024652696
-2.533034098867743 9.399399922583456
6.540335862606433 -1.3962336922282503
0.7746907660435536 6.3115656288461395
3.8474190837115536 2.19873233099964
3.873833922440186 -9.916354664646361
0.4811223488793015 1.379512333110215
-1.0271332239511306 -3.224991950666512
-0.3392425845542508 -9.626138779591988
-2.8349268276519846 -7.53797489045658
9.102260613504022 -9.222192327530273
-7.956389755888253 1.1241696978744624
1.213080092973799 4.684065111467797
-9.3231829397625 7.592537203987998
-5.34359276694458 -2.8909769130250407
5.2793419479073265 -5.141716592030987
5.0832126897197565 -9.380695039879317
-3.253303225384718 -2.5982620524340394
-9.024917203270874 -9.765314392971696
4.677861734911648 5.191248561162439
-5.6896281751129045 -7.515072096752422
7.592615105374261 -3.385920208061446
5.160740308701026 8.923881285264596
-8.242719833046303 -7.160020239251765
4.344651948605742 -8.545028765320135
7.3646143262142125 -9.018697285863468
-1.0910430094384935 4.497987644715316
-3.2293925643578607 8.901866708249372
1.4792063840277425 7.327856283620424
-8.927033709087365 0.6399941699653322
-3.5861192891199245 8.841865568435068
8.523123418274068 -1.8505271131112337
3.2172403306234365 -3.4373978720083738
-8.904394776961052 2.4254549254470987
-9.189950173513687 1.8596237620481482
3.9956578847335074 5.070591790068786
-4.973059836053406 4.173681699152677
-3.031964027836967 9.969981345933554
6.103720195720154 -1.5469050768004635
5.9769039799289345 3.9817923223840417
2.937474170478902 -7.937357687111907
-0.8411675953016662 -4.586298678903393
-3.453187067169001 0.1011389845423416
1.9078869887317946 -0.4564259516617124
6.429175790788875 -8.635374150903349
-7.466138168325614 1.5560831971158073
-9.59338080302392 1.117902282444776
2.1417208956968263 9.00526048902261
1.0710467447897223 -8.612103242997243
0.2123517807067259 -1.7237586657871198
-9.915619199595993 4.668155319617702
0.8217695311197595 2.5077509929140724
5.358695433667952 2.7245213039582197
3.5179280109132485 2.0501679426536494
5.535869369217188 8.617837824834162
7.581342580539015 2.7722619142494622
-8.794157223139079 -2.889689434006975
8.727747975660439 2.3930140703094853
2.9470981894951507 6.297932138814279
3.2680493587130766 -9.496823417948011
2.542515796038236 -8.387844471989583
6.322857886830477 4.0545406032135745
-4.381719617535933 -7.740207115611173
-2.1040651862727433 6.833133154137826
-8.526943812918002 9.72088094788797
3.4428902839236475 -1.204126671925053
9.009167988529367 8.100055291119375
-5.971473228262331 9.138474458540365
6.447068513357621 -3.072259161049713
-4.7517624367439515 5.57567800080243
-3.1011085846903663 8.433251175569598
3.7959121824835655 1.5531801249939576
-8.103566973904005 -6.637316135797233
5.892817923532165 2.973884850641465
-9.38657406812683 -7.909748181838205
-7.251024302587408 6.509416582809077
3.791506702097408 -8.927491930475018
-5.189437820493397 2.68108874577716
8.273808985652252 8.620666886824836
8.753916999445618 8.632817926211771
-9.430359664201307 8.517035484387346
9.018748479838937 -2.118252553539164
-3.9817612504733013 -4.822673454017005
-0.8698181446465743 7.320630392258693
-6.110865767167302 -0.1385717475362931
7.141305781263771 5.359300446223028
-1.8488320102029725 3.860963533128105
4.2349207765745245 -0.6691586499840732
8.661758404970541 1.6427730954132898
5.85521266814516 5.151342897170835
-1.827469035892186 4.603227854954142
0.6971098124115276 -2.289576391037924
6.816962644796465 4.389056517262727
4.463118777036772 6.58296743417781
-2.359781218854029 -6.333840621041464
-7.4955477211814685 -1.6091877799865415
-5.749100153191686 1.7686612779518
8.29531049793377 -5.493591755047351
4.8189324375127995 2.836233836153962
-6.853808970666213 -9.221257658042344
-4.586609513509188 -5.151498969955936
-3.3558513411274093 -5.4248924976361685
-9.931460456581128 9.391120772828373
7.0149502203816745 -6.329422285342849
4.985951475043098 -5.961074415683065
5.934098822483364 1.3803323965304255
9.925053968822635 -8.082732672130728
3.2707402008118116 2.818246539891888
-8.8959888081684 6.303518019569104
3.830487116557544 -1.721537265955389
6.827372319277249 2.056437283881662
0.37024015656256637 1.4749141621909079
-0.42355580594908027 0.21190909881415365
-5.009903286194177 2.737080769103134
-3.55711516602123 7.259333424718861
4.464494077467727 -9.751482155816255
-6.444458703812281 6.413733038418819
4.156740118043167 -3.972016021028635
-0.45491328233517336 4.624420875738188
9.868137210291042 -2.408711292514985
8.110545091503205 -3.8881458843316725
7.304921626917881 1.0952433588488493
0.3963198668206047 -9.09991651728572
-5.196721120747386 -2.746615207461609
4.157877187953678 5.112983541957298
6.5347249794099795 -2.573558789406551
-1.4112357036811716 -1.2717656670108557
-9.378825813672178 4.028756583143036
-8.798824839175875 -3.9661882342481602
9.421046071645442 6.755203996827227
6.2968066937531155 -5.792495124800567
7.7047972105493585 4.121380422982881
-6.665723925681199 -3.759210509398743
-1.479708108828346 8.423159615521204
7.893912411137151 -4.145858659247699
6.255453732022687 1.4599723781966567
-2.039745707417433 -5.8983297956187375
1.7376832856224915 8.229443458267216
3.887121615706528 0.03873068821614112
5.166545950873896 6.289318718367166
-8.320339285801875 1.1269485481283184
-0.7417305461151606 9.595879478090204
6.122300230832458 2.976881048507277
7.187625885735688 -2.633663982997483
-7.19893317070381 -7.420684483714302
7.744795500985333 0.8759583948349352
-3.786732568134532 -5.648017382670862
3.581853647280875 -5.910999528845117
-5.0729477603381685 4.1292554289893335
7.505536160215527 -2.364258500845324
4.1479215362331665 2.6481726316405982
6.479990267863297 -0.11374338997110378
1.0687570713791157 7.134912373736569
3.3352276359827115 3.734810544008109
9.024499612666933 -2.728368580308798
2.1340479882980716 3.1970415649581483
-7.257877725821993 -9.875653264270827
-5.267782623572856 0.03539650602875355
8.871080578940997 -2.4616640073793956
3.273724255574047 7.366545054379909
3.4989459425481577 -0.9416885486153799
-3.805035227625842 -5.432200191942287
-8.498525883455466 3.6063872893122983
3.7687439716580684 5.787827398106646
-8.654122986344134 -6.04833065063489
-6.69899441188379 -7.019758211250187
3.360604426612209 9.431048718369823
3.800235204102675 3.616930466674015
9.50447552021011 4.431580766583492
5.271518335999708 -6.898738946374765
-1.687476146035232 2.8206113638475205
-1.255739038534161 -7.610408189876681
-0.03453969372092658 -8.189421815824428
9.72460733746263 -7.55721727844068
-6.675820142288482 2.671216793081406
9.97063775768407 8.867702087404595
-0.7097249766691949 -9.747334435440147
-9.679566619071187 2.4719892512555237
2.998055305093441 8.458756260519372
0.7601595450938952 -5.556379339881781
-8.88691309299984 4.610553025098119
-6.99868508515639 8.480113858148364
9.906815252773573 2.065979183047242
5.543356697161839 -3.569524088275477
4.7963567514478065 7.512166466628848
1.529922788641274 -1.1237161348231073
-7.316924427106533 7.022927743558871
5.6639102597455775 -2.433418601794937
4.693095326871541 3.274543835468151
8.028700867660369 -7.265465747182556
-1.1825720707932046 -4.761168458651827
9.86985457921348 5.062085301596646
-0.5310677109280544 -8.776749366395538
-0.7763744489803859 -0.5778745426612844
-5.882160112123942 -3.696424877242281
2.735681522699485 -4.484021221047884
5.9371299629679015 5.995441405854505
4.095441733876795 9.137279275168677
5.78355557853509 9.436878718161068
9.218484018180469 -2.9684018874923606
6.859655979023515 -2.5953176156518936
-6.358508627672963 -1.81553024644308
1.0466268660742433 3.1633024855161302
8.551254066803999 -5.14126909458553
7.167448187563231 -2.5543274010661037
8.451262804631533 -2.1846172235896244
8.334193445205159 -7.208790032793302
-4.323534644438583 -8.109539516243217
-1.94700657047113 7.016979676954723
-5.201211539072874 0.46367481798668386
-7.095361012958614 -9.22619074395186
-6.576936777673574 0.34287469345614774
3.388347479179304 -0.06008234279321556
-5.0449902726237195 2.2016611136120723
3.910755011785241 -9.969599724394575
3.6299892701333807 5.945758798657813
7.9217152040891 6.851696601588063
2.423239130105266 5.247044497610098
-5.156975433415671 5.305952184129017
-9.580638256412195 -9.027603564974815
-8.29427533455384 6.550957471170101
-2.1991555836570686 9.347824843362865
4.306161703984898 2.6471355819666265
-6.177556714379913 7.436615162849872
0.21051345894659512 -2.62616766800007
5.9702762044460265 5.873503782958146
9.082028823823421 -7.927065127139179
-3.038488623978046 -3.214816264908535
4.574754313764375 6.178641420215282
0.3225675055137387 -6.559285938480404
6.432052227764334 3.5179653099788233
-5.009233204732972 -2.586296861315893
-8.552253554467361 -2.4826386796730215
4.716428427405139 -1.098602706618193
7.59226823112655 -8.87337947588059
-1.0006026477940146 6.334105229746569
6.87569476343096 -9.428016912179382
8.876062724734492 -7.478342461943576
9.414119436148628 -4.023823891975516
-6.9200738903384496 6.321888653069067
3.6853059605129186 -3.566109155358803
-2.0691715374232107 -8.820590156208915
-3.8958708100015516 2.3069707329034816
7.7649677540131705 -5.128784447731707
6.817820160101192 -6.695619874252423
1.7998705005397753 8.40895818021323
8.01557487475856 7.337794990458164
-1.9644822765634018 -3.7140034741902017
-3.933388829302027 2.194444568149507
-4.875152190007068 -4.879384201615597
-0.5547067319005095 9.744608691457927
-0.8961006199840433 3.235083609998812
-9.328525828750369 -9.298041881770473
3.45388258605154 -0.17649502704553655
-7.6112668915574755 6.880713982932495
-1.8255036264089952 -0.9002969345245724
5.222726577644394 -2.555631317224547
-3.620145981905287 2.179651697938832
-1.7936129397570344 -4.183491855723975
5.385388479011297 -2.5587532947660474
-8.671748209870389 -5.274958424603316
-6.663836468596045 -1.2824932226215537
4.154724620694692 -1.723058512821483
-7.8659725576084405 -0.08244839644861202
4.496604270958446 -7.988635935609971
-7.246904593217655 4.53301379978879
6.734753842150273 -5.445193545147269
9.990063816471025 -1.0242099469113057
0.6893052049176944 7.802747436577349
0.27789795161320363 -0.1936470955396885
-1.1886679295470337 -3.522020975864222
8.398463555845172 -3.349905009810172
-8.004546996500565 2.466643396610378
-3.238290125723573 -5.0375187244486845
2.4563564046955033 -5.491256576683233
-5.623972114629958 -4.2079496447655735
-4.118226713991737 9.620704808765677
-8.283539537351626 -6.69640057895263
4.468953929590292 -0.9466794757883861
2.404449401054702 5.062161922314342
-2.5287681466912826 8.6392140082244
-7.055140871104813 -5.058335380436912
-3.474199809208147 1.0597245138370717
7.72302313214848 4.010445366658885
9.303339310818217 5.861901387290869
8.046612905063434 -9.140921345090607
6.914689093599954 1.9820793800760192
1.224145672750094 -0.42575274690937803
-1.9707325708169865 -2.9167146188399817
-1.4960147834962214 0.9256764368085353
-4.195518943743528 8.189509236861582
9.15471857844793 -9.678572183678924
-7.50509156756012 8.900650747234895
-7.950173976030355 -5.299865865981919
-8.995449338886432 9.897739834725009
5.826585411028308 -0.23296909787695874
-7.335004039003445 1.4987999878945537
4.021197837297548 -1.156068684138397
6.166862572037083 9.70152483520004
-7.460870793414571 5.091564724782414
3.8414166640594622 0.4496895953070812
3.401723668197471 -0.024017400816600087
8.383801282659547 -9.213968338268748
0.9171491702453451 -7.410981935191872
5.628835192155261 -9.894907922335769
4.255779487909026 -3.2039310246117196
7.134873778091926 -0.10469547110728428
3.867151568476384 -3.8272592222903707
-9.899240392776228 6.160394700374322
8.257657108240195 0.3051966825474821
1.5354170822077648 5.13593275704185
2.3551681087686855 0.26730653229783563
8.61917311017271 9.967668600020886
9.018822882964969 5.950999343105421
7.840432604329532 -6.305948638053649
1.2092336484114004 -6.585511115506748
-8.239150880406239 -7.823870215551829
-6.083601404868448 6.526318235714111
-5.843327746114961 -0.4562061691295085
-7.850348725700131 3.9214759066661777
-8.19651083841288 -1.7218828168808678
4.125986499990358 -0.35092104507264743
-5.683901316101425 -3.774673094120762
7.250159757189106 -6.120558187494396
2.2247927067785707 -6.361284927440183
-1.4380355579413706 8.651592621758976
-2.136147470499939 -5.229410478979335
-8.96686097808185 -7.119391900989205
-6.332403522674699 -9.412861068440233
-7.571619980423325 0.7074060083133311
-1.8861565111127554 -8.145136819052253
4.401969978126132 -2.2380857152701665
-9.17580004041325 5.148020544604188
6.083560327141015 -8.976173197658625
5.225092301471342 -1.7477045193948744
-1.3863199683521739 9.703426146479178
-0.3069905701497806 -4.009296489407969
4.921573253315151 6.928244649640224
-3.748046863371819 2.673503904530353
2.4949973266321113 5.009605258958791
-0.33938530440981296 3.1746875085132267
-4.026346563263788 -9.323621478513711
-0.8786653438998488 -8.936612881175154
-8.895065541253347 0.9015622260672629
-0.13756243482644237 9.269334116266904
-8.06727099347019 4.810572386124361
-7.50994909740127 6.437264486844722
9.047034097243781 2.648426498039818
4.275066397501426 -9.574028210764261
-1.6958331700887097 8.896263920049876
8.435420426664514 -0.6665312135074153
6.634398597355375 3.365947265598164
-5.006596027417762 9.980512347763497
4.385863005054185 1.464753155489971
9.932247635555164 3.960523439984886
-7.889377817288179 -7.18954152575326
8.145756594583602 -7.8352853570000764
3.780804219719487 5.9903938626695545
0.06929956081172861 0.11702133636048373
8.129761935356022 -3.503669950503527
1.8999876450441295 -1.49578763037999
-4.854773435285072 4.730335010302875
4.958415455540898 5.962334918477282
5.698466024035865 -8.534971309604131
1.0138597725022187 -5.518563222501376
-1.124507196682071 9.254934655861963
-2.7106338566460924 -8.28371897773807
-6.216617853687336 -9.966082376280507
7.382692065467079 -0.9584438317693191
-9.563184271187355 1.4969731620275617
-7.516411837964181 9.365866414669128
7.786976089063167 7.852914950903411
-8.962544052045967 -5.480441988805298
-3.9630443851793924 4.147791816164286
-5.600076518034101 -1.5427620348496411
5.094886214133199 -2.4028586788178767
1.0464377836371028 -0.4334021997759123
1.34800642656508 4.22847704370305
-7.4545159690901075 -6.949037049946245
0.897930511687095 -5.37632448006474
0.7735867124345361 -7.346257279241872
8.979409377573095 -1.3357778962746547
-2.255231324038938 -0.08123583018700486
2.49190171376579 5.920549748779926
-3.0533178869204036 -1.2687709668693437
5.405309841059831 -4.310015181495281
8.22015681163401 3.0598355273585653
5.258267259609276 -1.3238969625947234
-3.011564509798048 -3.3786317545858253
3.0493838325354528 -9.084430798013496
3.036905161806855 -5.385136805355939
-1.4710941200339143 9.796824116650399
-5.936338969539636 9.723212785838633
8.23026065270357 1.878258926692686
4.865769411318379 -2.7441251135229505
-5.462001364973301 2.701802937880169
4.29563245747268 7.607121761632367
-9.329331049727323 9.91112170234787
-0.9836201918868799 8.130047583953605
-1.3357942738312563 2.7219205290323973
5.604757002816736 -8.922660846567858
-4.726577190028236 3.155111760655153
0.6944930967990874 -0.5644101808133168
4.1662506414412075 7.431898607565117
-7.377313940000903 -1.719282567482491
1.8673854071926819 -0.45689960263443474
7.436245603174335 -4.292163238757089
-0.38496166438448753 -6.756663892520079
7.134993189653681 -5.560291960275158
3.6265228112368852 -6.416049409801028
-1.3274670401690898 -7.106330702405266
2.2254294517655477 4.5868592560566395
8.505538893855551 -7.212256780365662
-0.1348179486778598 -4.225231525019273
9.37664591175237 9.29238804943354
-4.709199883574917 -2.988497924325973
-6.464348215269355 -0.7148623475688982
3.9127118387796163 -1.530547682088061
9.748275622072853 3.441173035671877
-7.076490237680433 -9.470544579754135
0.21124780042091906 -1.3063699443031336
-8.229443069646887 7.031666252908007
7.887029390807999 -0.9767578084015156
0.30439861310526695 -5.465702601666367
-5.208984843565312 4.587694539637981
2.2549464631818417 0.10036135907423827
-2.5914344126342908 1.8768437783511267
2.6444505461461816 -9.379162817010936
6.6887886225926145 0.8807450172500726
4.328302627018479 7.795971794288043
-3.0435138235503167 -0.8167971072833957
1.0617305997979383 4.634693852072843
0.6032367902856279 7.444352767170198
-7.677502098120604 1.6954104971074546
-6.436897060267328 -4.088453466401496
-1.4232637315038197 4.279737937766015
0.3479899435687095 7.398613116703974
-5.242921863029586 -4.596013638477359
6.812208173320197 8.599336524370461
4.429282729966307 3.61151926617133
3.8353326458416674 -1.3482256607673335
7.455587000653988 -0.44762798386989644
-4.243030907374474 1.545830426118652
9.92004013721478 0.7448044443843127
-6.333415367672652 -2.7327380977328275
6.663105948057357 0.04674485730427058
-4.4539222322421 -4.5029016001131605
-6.02013825392961 0.10335249331450669
-7.217700962518432 5.2362187599460235
2.8681430009132924 -6.599772661297623
-4.288725222036424 3.9006195801947623
1.6700146034363499 -4.459949357467828
-0.37460545600054473 0.23368990886118368
1.031991787802081 -2.0262494922181933
-2.9306217407899515 -3.1924160192077906
3.816446053591971 -4.344462257660395
2.270357784121476 9.936572646066836
-2.071314652298815 4.9544666426541895
9.191936086418139 -2.498975163975887
-9.01879252654042 -2.356563733738957
-4.02836786713098 -1.518538208763836
-7.701328341559139 -2.100163976963283
-4.604366986556014 1.9279039715018857
-0.025838211347108953 0.9903255745567705
-6.415677779632977 -2.3594912213759827
8.519334647914206 -5.3244882485259915
-2.793426656463782 -3.986717888997873
-3.8919003915104433 -2.641428995543915
3.3103355182899197 0.2934285001603101
-0.5045154796040574 -9.3848510003045
-4.7484348580825175 -9.065313568513293
-0.5996122994365276 -2.019857201180775
-6.776908629330258 -1.226231814027825
-0.5270542248215229 6.730263043316523
8.529533864784614 1.4348172569433046
7.924273898001548 4.889544654329331
7.02391956916064 -4.332427945351922
2.478365408774973 -8.201738881356457
-0.9838149911227347 -2.749298416419503
-3.487019644360876 -2.6760199105282956
0.4832688592207006 -0.357434592726559
7.088365952607713 -7.843227088173452
-6.4449553010094025 2.7374333899254992
-5.980299543446337 9.618879542645256
-6.980139260661233 3.8859750592388647
-6.768829841231767 8.03240486313069
-0.011997265034935367 4.764613937788271
7.336629348039956 1.9269117813034597
-6.1290959776160525 9.729124237976837
1.7238197505932806 0.2320441396514319
-0.5215167097614675 -6.036374687882429
5.3761554784069965 -9.911389271891636
7.306500007775924 3.0369145192912903
-7.751881224066544 -3.975166564068207
1.9803646542499536 9.403857111235236
1.217332235832151 5.982735175518851
6.341361929192306 -4.059668708691875
0.46841667828953426 8.042950353421368
-3.1942200836976076 1.776016108207143
-4.379240406149874 4.68449115369223
9.396973907151253 -8.509916320416613
-0.005631372760879216 5.029305216666739
-4.75508433816215 -4.839363440337017
-9.885001409997319 -0.240260957519709
-0.6326846936402237 -6.190479064173182
-0.1082143098687709 -1.739711754047665
7.190940429720051 -7.540076185956062
2.857643326820181 -6.976682870450079
9.541272001875601 -8.675065415350279
-6.555289550679531 -7.528304707522651
-1.2768150811391177 -5.428947379119342
5.474177046951221 -9.910406576391908
5.834864477286599 5.6513813272491635
-1.1281656277912315 -4.884053782524322
2.6016966030783024 8.3790457895349
4.077736524576586 -1.9566131875070596
-0.21358499598636627 3.71214896044763
-2.299610888900818 2.7787309328173126
-1.3737001677702878 3.6473553440652644
-7.327091804320062 6.559367735983017
-8.23222198651196 -4.330013548079736
1.5006314673968326 8.583203293974243
5.813279757171895 3.8842767400335827
-7.853315707375037 -1.2019236661574588
8.864761722762463 6.2482322019461805
2.6840498758247904 -0.590150034726113
-6.657179290443329 1.2633166507846951
-6.950298339446592 3.406671368198623
6.87986259210874 -7.980045967076272
-9.93158383349658 -3.239845402665276
2.23032020523398 -9.324357346158045
5.370886901693691 3.9525450495476235
-9.089559473849885 2.24323538402105
-5.08718998647379 0.09218935399030137
-5.325295417088414 2.992734281869902
3.508638720733167 7.117921088800184
-6.044543155883792 5.82072706365469
-1.8742662815954994 -3.54374512634561
-6.963127635773667 2.617368090183259
-0.3583361842251769 -4.0164353028372535
-1.9960966221971788 -8.03840439009949
-5.65054527920789 5.258692208771565
-4.5986096962051874 -0.5989442417812114
3.702600019252042 -0.27026875600335387
7.0580466599761 -2.8760181999232026
-6.376309942404738 -8.018004870125035
-0.3254361059383388 -9.99393733845724
-6.84245502952683 -3.917527093278908
6.544607664187566 -4.183889656618174
6.331760179100733 9.689345890860682
-6.82798749108025 8.790130551170567
0.7946185107399213 7.833432854121693
8.567011340540805 -2.1658403215342066
2.1323407973540256 -7.858301181312999
9.648869609816007 -6.707966286077836
-6.275315019673222 -0.23874759339306983
7.451820894946728 -0.48497051744768704
-1.4200638478930152 7.35554003951437
0.7257365591893556 -5.603914156909444
1.7973563066963987 7.282712519135643
-4.957509688649921 1.582123605674493
0.13719536602083693 5.429443979204024
-6.336488491964182 6.253728334251537
-1.3645959996108221 -6.838263330514414
-9.806447402338483 -8.837724841206903
-6.717798616079776 -0.532446390913389
-7.559777948541104 -3.959673078753312
3.4907067594148433 -6.395619181077099
1.91837621179668 -9.448058546860171
8.413854316795803 3.4281123764877677
4.082983268011869 -1.3747073849818126
-2.8751478871705434 0.0679355907916328
-9.356391212315726 0.31078791996104016
4.258477046223204 -4.274834894832818
-2.7917915044143964 6.233663546082308
9.917524019732063 8.112262608792776
-2.9765654918314732 9.260793923411292
-4.519234643069163 2.411562212657417
4.723198482962069 8.177262034192378
5.405798877677979 9.621493567739108
-7.233226367600427 8.968995572458553
9.202208814056565 -1.2286138312132309
7.642228670194903 0.7335609527806657
7.457473065057776 9.72421502163655
-7.069456180885418 -4.707996340043068
1.1301086761392227 -6.850074249312666
1.9702672404830412 -7.749623755072614
4.281550282891855 -5.259734177249415
-5.867886011422598 4.5604066193422295
7.000313844978653 1.849324916187971
-4.392557048359365 -6.445483172774327
7.479009585415479 2.482267961334328
8.13406753335886 -3.0188038199285883
-9.963193939206628 8.918031403858492
7.22739255860866 8.742515145790005
9.336986090194447 -8.759976448870425
5.254410836131935 4.836332913830299
-9.868748381480707 9.662167858291305
4.082604897960536 6.431559636998937
6.569479743716684 8.775891408748492
7.055343457629121 8.055580262922216
5.445653346875952 1.706952526037714
0.6898978533463858 -3.4512373609791496
3.707726964420459 7.659282975593051
-7.236283732818611 4.741731842454088
2.1412193809856603 -7.563706636133545
5.349144527770271 2.7368774071213764
-5.656648715837324 -1.7316135889401725
8.876305650903408 9.226354498256676
-7.06341946697891 -3.3613190343661277
6.448374857866991 5.454598523859254
3.427424680844034 -4.212740947277826
-3.5969700790671277 -4.7658234684845935
-9.801524377112749 3.1875054905378803
-4.491617145847295 -4.150432745215314
-1.1714375712829561 2.526401989620556
-4.798775413105569 6.734240740827797
4.26803463626252 -5.416077447989713
8.919957506777308 5.482206454992241
5.353174665431853 -8.105053933494625
9.854110212588264 4.055952139698878
2.725782797294908 8.190393399031151
-4.6731326082588005 1.9785111965022573
-0.5689978782942404 5.352576923242985
6.546576224596375 -2.151858360681751
-8.701511580267523 -7.016977886054338
0.6077222325108131 5.6899171886254685
7.669059063659866 -1.3306812985255174
-4.608599760296497 8.459273617479251
2.1109825411673278 0.6508191818806974
7.409834746472999 7.438377482621501
-2.522888957279732 -1.1786943381343349
-2.340964036419515 -6.68307880331869
-0.013924560653821416 -5.129989271425526
-8.811787859361313 -7.575231212252094
-7.032190241930801 -2.149335526718403
2.3640866944295684 9.884631638846248
2.4956901376115894 7.581525910960295
-0.29720254320787376 0.37874820425565225
-5.665389608630598 -4.982368500159005
1.661596142935009 6.774313577305108
-5.5336526138416176 -3.900221967972488
7.92708700125225 -2.971802057306638
3.910599232176681 3.573035446776098
-0.4937217784215626 0.5922620859869259
2.6421146265770528 -0.11912560250185678
5.321254639266897 -3.0336326388178314
7.1113529304504866 3.4792611973913132
-6.9721906809763805 1.096954647570536
1.2081580457287817 0.7783706348538022
-2.5771034767805645 2.9948506350815123
1.4649555554497002 6.407828927336613
-8.924687091731172 -7.753260466039542
3.878007395203177 -4.385297444899507
8.708531654028508 -7.97948181760717
-8.067698795077213 4.341707755756083
-0.6158440190421484 1.715539379046744
3.2476734274613683 -5.103585592950242
-1.321019959440921 2.5845233210093603
-4.279197765596576 -1.889509282041427
6.818187603582736 -3.5453006452747315
3.119731648229166 6.50131198514374
8.121739402299134 4.101523887842696
4.794631297555583 7.186556726670172
-7.859461061042308 6.879103475196395
-5.49949566137252 8.165664059962644
-2.4965078361017445 -7.112776244354581
-0.7153772191911916 7.070343475294834
-4.233885120314405 7.2556808409262885
-9.026539343919257 -2.4004225368017096
4.4458623457178685 5.052375318664952
-9.999042498109056 5.592857397277731
5.94889946821718 4.872431754788133
4.151964830339621 -5.941327276500661
-7.762449626300896 1.341361144981402
-6.74824746979124 -5.536456706106874
-6.142798177042737 -4.433903435151203
4.914495690925829 -9.799818438341665
6.335970032058071 3.993479326375615
6.170688194322349 -2.60835891434414
-3.010036894109607 8.186589566725985
1.125457558557315 -1.9484067094422315
0.8115109627544559 -9.294939888688207
-4.243208696756837 1.1091554289220884
-4.612742341320477 5.576328717596887
7.544716614709316 -2.0800233562482635
1.6875546605335678 -4.22946358527009
-0.17049856860489498 0.6235601394487471
-9.911894584556915 -5.357419932483736
8.62898054669537 4.070098862693964
-0.8706330795470443 -6.51940286866322
3.1021454034446485 -4.971637878603941
-1.7112761982191689 3.1009472130901337
-0.0718499310058629 5.999469311546834
5.43499215349623 3.855540630684624
-3.423053320172178 -4.800343272679395
4.654346212031834 5.468126914337194
-1.2202364545268036 9.138431982779576
0.7812744643362279 5.7919652583414045
-6.535309244133565 9.706788369795547
-6.7622720272339665 5.882056262400987
0.0046664424795217485 3.803431033246449
-6.321869242161466 7.700906919872796
-0.16782478754759822 0.2652529295655377
9.457467927573976 -9.672419563439728
-2.6929765898192715 -3.768423454826335
8.084200619355862 -9.284436596839338
3.1805656802041344 3.0599577180238775
6.58926789226069 5.845761222794296
-3.91819810909384 0.524633012618148
-5.863000721514384 4.546720433161148
7.1577894843177035 -2.733030868579938
-3.776741139433648 9.304951607060111
8.332851459371216 -4.669443295254383
4.450697358259852 1.0640082367795571
5.6080827185870845 7.1018716522007885
7.140513974345549 -6.6882336987066715
5.404704068243742 -5.90929276228829
2.9346493981031934 -4.318885510187231
-5.8381764411024895 8.722863417509352
2.0618799695483876 1.8400671077902526
9.231219850970618 2.680858165389129
-1.9141960577637445 -8.37692607002544
2.5687712899565156 -1.6832878407419312
6.722242194552084 -6.8439077650753415
7.80420320828863 3.2741305796199764
-2.291887437499806 7.153769001616389
-4.022157485537812 2.6956992689961403
-9.276639872407308 -7.382146612759648
5.565116065511916 8.253977361456968
7.012066881989579 -9.158245783433173
-1.633458812747401 -1.266327337256321
4.61838774478754 2.926923037350269
4.42300900370647 -6.994662247264108
-2.9525111339153103 -5.057460658239725
-3.6768265033989262 -7.030662161857966
2.6812119402077457 4.410743302275442
-3.8981982287958994 1.4120945088029462
-4.577305940461147 1.9754525917400088
6.384972728863193 -2.2950893696881565
5.813727670828124 2.9135736162481667
-8.479968356607968 2.8889528547045717
-3.736839364195859 4.573205674672714
-5.864745143161096 4.928253757199883
4.044177812407437 7.87420787755466
-2.0938025880597033 4.775869780373043
-8.63717501966767 3.6822936418769388
-1.7372668827004834 4.386627962375156
3.0696845947649365 8.168584966964069
-0.6471725448188828 8.9231536421735
9.481126094209994 -4.807652335787703
-2.2138839566667157 -2.859823581211767
4.29609449303012 -1.7045863704356847
1.5123890909779405 6.295367821752144
-4.261067496125149 0.0725645956235077
5.647114683761902 0.9232733504658732
-7.171739685912275 -7.517054994716766
6.138171687111903 8.42215408821449
8.066464575540731 -1.9066514164784714
-3.1250202500086655 8.6418574728059
-7.136109747589652 9.295005902300055
6.173263859767157 -0.47589460874008616
-7.343652142770805 -9.788724079691203
4.525701426095072 6.334874204898597
-5.055912494510871 -5.685567493875037
-2.909246788170618 -1.858184496781325
5.374920032789948 -0.30448085921104706
1.5989885591796984 1.9279611126195455
4.5136999412536305 -6.51798521266884
5.188268494544072 2.0962231676771452
-8.915091813666598 7.073850351453089
-7.863841375273603 1.1074872738866386
6.244613391469333 -5.330913020619521
-1.4600033324375836 -4.391617208002614
-2.167384200230358 -1.0236510814647044
-0.2979416867979445 -8.356917038022807
3.5751085105387563 0.0618870555139317
-8.690707494252818 2.406783960776714
7.8527312644939755 -4.045061879810492
6.454145983622055 2.4867800240526865
-2.0815952100833623 -3.064196262163925
-2.874990795547081 -6.349656686108405
-7.656109673632456 9.35688140311002
1.0018544892538799 8.976889068985749
-3.0064783486569047 -0.6023545585412275
-7.775323278638768 4.495196877624338
1.9681160169505283 2.330353461216161
-1.7406384021699495 0.4747351827415329
6.731577973931113 -1.3259480779926491
-5.932350100913912 -1.8665861406805018
-9.972740897595125 -4.959781882171999
-0.5051032067391485 -8.237615903139119
6.210655656975497 4.524169171274821
6.12134938133962 1.1317637193588226
-9.730433671685612 -0.8278608931987499
5.779703485576601 4.529476803007144
-9.927645615027497 5.354721591360665
4.52372824472109 -1.1013500686906053
-3.720498571009971 -8.196859614147836
3.0397849690551446 -9.722697696050071
7.873158279334092 -0.384399349024676
7.325081249443375 5.107351631765338
-5.596059035898122 3.716753551434792
1.913560456833297 -9.031771270878275
-5.176257055609474 -3.94590741964723
-7.987675286323608 3.90368075928496
7.167873378472695 2.240863176948462
0.618551634342472 -1.2513752597050587
-6.630650298358645 5.405879358625093
-7.981126995469761 8.726192754699746
9.132725881071892 -6.313612505373758
4.030228593064667 1.0733898163875466
-9.935656252068863 -8.899072049490695
7.923235627043908 6.5670704921377165
2.150442323638458 -4.535089541711271
-2.823859495667844 2.560220425561635
-2.8059078787816922 -8.437600785060344
-5.960538946786096 1.5018053569343888
1.9664368239832601 -7.036601714022899
-3.651549791087634 -0.09825993864532734
-6.4027213433516454 -8.323303640121162
6.102547249115208 -3.684196366564243
-6.875447874147844 1.254115178545291
6.0380083639024775 -8.836387150561206
4.1417830249146235 6.012788091231688
0.7519535358107348 -3.9439580301450716
-5.87285807302937 -3.2821240674147667
-5.106921276916998 5.7967694468059
2.307249827302984 1.3689139621309678
2.51632882471851 2.3358948677803486
-0.1965924917440418 8.658747014521133
8.905852725452299 6.6918707514268405
5.327472306206317 -8.775182349656694
-0.9974119680878459 -7.77873711911945
-7.160889272961772 5.988331877095769
5.029868097335125 0.6041314386598984
-3.6542838015297914 -0.32238418092356724
9.992456927430272 0.5261237253452151
1.420787001753645 -0.9422388252068572
-6.5685361686656325 -1.7233719026012508
-6.963893944818407 -2.5605640790279356
1.1496152869193743 9.345633347479776
4.947589142636616 1.7155109934334156
1.57838997280923 -9.409776928056504
7.144202684505643 -2.525049878913295
-1.959440951279186 -6.345102786157595
-5.236120751625311 3.66917705205349
-1.6312964659321558 -7.931779413053716
4.399894786240679 2.856921860332559
1.1723085125056762 -3.1984529350207236
1.865699970287654 8.229330227483288
1.5030715001549915 8.063887602519571
-0.744270886640388 4.417898642680171
7.750087305881653 -5.279766883654304
8.53424579126202 -4.486423855675268
-3.6963932670068527 6.958956423893426
3.9038065505445125 -9.223830197230885
-9.141902782075073 -7.302826347008455
5.84946517396731 -3.8110562662913905
-0.8176379409055823 3.701244939977
-3.975633790191395 -1.6858805900386624
-8.233486820973816 3.5128706604941247
4.036908116109252 5.8307310169659505
3.9626093906827613 6.009506597827343
-5.280814917776144 -6.312904401319166
6.067824827108321 0.7911309055194451
7.600956970792158 -5.024071005724348
-5.74397754007842 -0.4263535655844457
-0.9170842071166501 6.440919775551738
9.345648790593401 6.382506025878222
-7.802442993103556 -5.050646466447402
-9.901100000135916 -6.421579511900168
8.865492233290794 -5.683830638857719
-6.92086559711397 -4.389715662064915
5.1995716035334 4.5406024143478145
2.050539458159566 -7.121249708164521
-8.321281981285933 8.817347831071977
6.486094280319783 9.207153732690205
-3.0921063963440654 7.609972935454504
-9.043100581762431 8.154768727450122
6.200177230450031 -6.374926818907998
5.007975772811266 5.770667921356871
-5.638570772774467 -3.29854410011305
-3.417332778497628 0.37473058214194666
-4.172420738706391 -6.570586368930984
-8.860191853564487 -6.434369515628868
-5.300911695811656 2.7409361705198254
3.3148608755514317 0.8939093019355902
-7.763330077410657 -4.237517530015591
-1.6917595359139366 5.501533604016998
0.026897078649007256 -4.102277684422663
-3.8589094663646684 -6.482397296570916
-6.704168789017042 -6.5915655830641295
-6.49919601964791 6.113166083614882
0.7433674935067476 7.687533302085573
5.105599242641315 9.856379122344492
4.790497571914333 -0.03102713294402548
-0.6504813638640865 4.372523212120054
-0.723760047999578 9.395062521303377
1.4462167384798335 -5.698320541353379
0.41050882279525425 -3.837496606211195
1.3719710616439578 -8.83986111146834
-8.816271153932929 6.894248743372756
-6.384656845064436 -0.05008878389759275
-0.5464704899357038 9.43505375428703
-8.927014389574552 5.223967349552671
5.573395447552844 -3.0556210954358365
-3.6119096846137637 1.803148952964138
6.697657396259615 -5.538914810454005
0.6100219425679665 -3.546063147947769
-8.208226571132624 -4.959861235698999
-8.739288966492593 -1.4254252915483399
3.896344741825919 7.11232405772239
9.725409205830083 0.3003063790610945
4.33787026801593 9.893754365743654
1.3424311283562744 -0.5732213668304098
7.348762081342155 9.472734270917233
-9.351437895262507 2.163940717305863
2.9536714437281617 4.6273288632233385
8.94381681512689 -3.028955999596848
-9.0012761624506 8.47775614660371
1.6712827969468087 -4.4133598095808635
9.844769334513245 9.753516309201594
9.064801862724579 -7.144253487816563
-0.48469497416929386 -4.244058468288823
5.099288393473774 3.0696372665873852
-9.015752249326184 -1.9773560324086397
-3.0145054865350644 7.2719883517753985
0.8082700316501157 1.2511017208374664
-9.71691545762102 -6.651600247959186
-6.547059712181871 -3.7855765949889353
-6.837103248316099 8.704592873165836
-7.568555349246495 -1.7968973540391637
7.431307736172517 -6.048147955911092
-4.230807016131964 -6.047643288598796
-6.363347808726083 5.256587978796931
1.3271495434178924 2.065424008135299
2.9096635280531125 2.8741465555137253
-6.838748296723587 -5.381019067204553
-0.8530434899627757 3.8752991587393915
1.3648228652847756 -9.062386598726391
-8.271414169559366 8.187111536174239
4.735402197254185 -1.5499365248248882
1.167748936045479 8.808178603422977
-1.873039492134625 0.09075582379189129
7.922744033882665 9.42149354555385
-5.507010328780062 -7.114121401811246
8.058309922211599 -4.3835046135679505
-4.604506782408569 8.164088883162172
-1.4744835857285068 -0.4548724923730454
3.149435228447757 -9.74231255657947
-0.4636020316105611 2.075014768611652
2.7917282814413937 -2.389118146027349
-8.15843643000202 -8.633846355142104
-7.291615187188542 -2.112447240929689
2.6760368691272625 2.285784914469156
9.022980263422102 -3.0282903604000637
-4.279381282149086 -2.8105921847910587
-9.255895109643033 -9.32039772793259
7.63309334993636 -4.665836606546194
-9.810980476982982 -2.446755880570075
6.535628440276728 -4.445886957367497
6.345259449519691 1.2808767868640114
6.301758605374971 4.815201906110767
7.601455996335378 2.0906884183018466
-5.4316409263195915 3.8809917613783877
-5.326813118944537 7.889883369429501
2.105064016054106 -9.441480031435725
-5.4308104957292525 7.971977027147027
-3.4943987126987786 0.8569293958120134
-7.9121962820903775 4.790974347495798
4.122555137689844 -1.120211769499285
-3.396951014213494 -7.398130751352177
-9.25090376201723 7.385310137178877
8.794259905568957 5.692686045631527
3.758249321925506 2.6869499249319784
-5.507252996746448 -6.515938271891106
-3.757694729453503 -0.0698469941862534
-9.036526671820916 -5.0518442489790445
-2.847997894870405 7.769299485782248
4.709273259062305 0.5994426259831478
0.5171523605410488 -4.917829300642356
9.279664237658501 6.735743526956565
1.5374034035561213 6.597554729193995
-3.4141496588095954 3.6586109570702305
7.66386112006499 9.174877080306928
-4.131983731989404 -2.722015924556267
-1.250662557241677 5.963031948841522
-9.269416069389935 1.8067936366079813
1.9270115401217929 1.7788689327013358
-3.444408612412624 0.1769948188915258
4.084321052143105 -0.21593505949216762
8.123922492577837 8.359274072519941
7.630944995727095 -3.0975920097130523
-9.58138033994665 -0.05553772695577308
3.7167520173830013 3.4077789453408904
4.354058833702361 8.145469463399255
-8.862361634109607 0.7264224584616166
-6.4307068960457325 3.8043354143250596
8.87419180732774 -9.264644092314905
8.443396742471517 -9.960229209496273
-4.459827334552633 -0.29793538783674833
9.135185266697228 -3.1536526313114077
-0.025196509715371462 0.49890784835685054
-9.280795782713154 2.257276255843017
3.794925236503614 7.838932814160859
-9.615578220466695 -9.391507215951183
-1.0699235421212716 3.0180883417607944
9.181584397302107 2.992546608759092
-9.004393126847535 -2.987898460545539
8.949729916848565 0.16658713076261122
-7.184043463812111 3.7645653052148553
8.821883464939706 3.9794965727920566
-8.507734374341297 9.116069091348304
5.104489297110712 9.809027096596857
-2.884489728856967 5.062477787311737
-6.655334109676254 9.550558116801373
-8.441606590079552 -6.106243686897692
2.0439080234870044 -7.625113781725603
-8.263751624612004 -7.746992734746058
-6.253624756577867 -1.2267644064124816
3.3092468865997393 1.2686795407827667
-8.875544806834267 -7.666541193448992
8.005230120043606 -4.348816991253896
3.2038122852410815 3.2421770160899666
0.5745176926528544 2.008421713485742
0.01466349357246699 7.683392714417884
9.845078277930273 4.623050381254066
-7.274447114798885 -1.8951097139083846
2.4284728773824575 -4.452473474318063
0.7104395200359015 -9.25048240211752
-2.6659740453411214 -4.888675830588232
7.0194263001670585 8.899224026145607
-4.919309954081883 8.797944455239602
-0.6319995495222734 -7.044487651833899
5.853122678970159 -3.0623461257654894
5.029189326271329 1.7807443628520563
7.83051238358405 -5.22485264376434
-5.092441530584373 3.650519685875528
-0.9762787622560847 -7.790375305952633
-5.406490144542715 9.718125971096136
3.7883532794670884 4.868047751680567
-1.6591136709966285 -1.9321530233728375
-1.3616239456747152 1.1606221758685606
-4.3196095695012655 -7.76531171965984
-8.9330327710182 -6.419162123860643
9.775885290385599 -5.5061317377732895
-0.2117270435382217 -3.2493221423426615
-8.349840513474527 -8.725802314221436
5.145818074850272 -0.42512031400875827
-4.948725024988745 5.725257775197775
4.390315321045383 -5.643566138055915
-6.999852389222443 -9.230937059841883
-1.8883302400446116 -8.161234195306669
8.95454052528644 -5.107320681506035
-8.683000892059557 7.878337057729691
3.0441826180941796 -7.510951109591031
-4.52147963031611 -5.18531514403493
-3.0237456309635142 -9.270946119427615
6.332189402127856 8.59319762192812
-0.019980269221345992 5.7486308175057275
6.290006276345743 -8.690796745356462
-7.446099314411021 2.3605335929535247
0.03593380766692178 8.08023379310999
-5.202158892619835 -6.448882029028786
-2.79259464107521 7.016603315625488
-8.241675512692437 -1.3016939604269577
7.021434104390494 -8.451271738910345
9.482939667929287 2.74766930150016
6.2863591072014735 5.482888409541788
-7.624063754391173 2.5093515116208547
4.447301229033494 -7.1045812698283894
4.965721013133113 -9.210672848105146
-2.854562631903894 7.338592790405919
9.339792634187646 -5.755715779281196
-6.7717854553243395 7.8197533150051015
-6.727856399526628 6.650191760778416
-0.7703191085304084 -7.371488854780999
3.462674930751696 5.700394252679427
-9.95287866195374 6.3251286875028825
-6.672276922901981 8.499865766544747
4.872231873173368 -9.933522108819224
5.425301594232998 8.598022615801636
3.3920869287471547 -9.065758217215487
-5.131773256097545 5.703290522929592
-1.1428092181707434 2.0433221483366353
1.9727865749992102 8.148390189259299
-8.179064944767745 -8.05332239803983
-0.0898175884368193 -2.2739018017446933
1.1868160746304106 -0.7838800803517021
-3.7275226581648706 -3.3089928859142663
7.6567908587507425 -3.9331424877839734
-3.76567401620769 7.523608771302747
8.756194806842746 3.50686985335307
-0.6137043428887612 7.478785965507445
-5.682340575430469 9.730473711261048
2.3351127736337816 -8.008405743264786
6.638511022099284 3.3387181429127573
-5.18929758207727 -6.311011621625983
-9.51683721849324 3.4575373858400873
8.28942210347613 -2.9430662404018832
4.684032030551389 9.937859386452057
3.0374186843241873 2.738121460891719
-0.6984389824771 8.560160419920237
1.9975717009407834 9.986288397341909
0.1359419951667018 8.529231361395247
-1.911982195055968 0.9789212679999064
5.840177879203768 2.5331989273134514
-4.7502260254818784 6.490916857671337
-8.03385334147194 3.254139029862902
-7.0244740234896375 8.85753266605207
-9.017636185548959 4.455884275795235
9.071156790586365 -4.794239816366364
-2.3658286711457883 -0.36207561056704485
-3.9538551935322825 -8.390972222476234
-5.025886303029237 6.732565258122378
2.798472342023693 7.120918193376536
7.972283557188845 -6.564190114764403
5.154228595856502 -4.430625427416508
8.823471148794095 -5.499315158164579
-3.6583783525682456 2.5436432947680476
0.8999574090723073 -0.31495772021241386
-8.376363382842886 5.181986322354595
-3.2441604693585706 9.034121560748169
0.08311931426236363 -6.831022768447273
-0.329189684392297 0.7914606732219021
-9.051410024973386 0.7769761466913074
-2.071676083228029 -3.5299871294662433
-8.131379706587401 1.8371560742015909
6.3551376028743825 -2.5213905391577196
2.187151387479094 2.201243347983482
0.6062344059310547 8.187193958576728
5.5416378779401025 7.555906458932938
6.2611633166367575 -8.572469797540263
3.000462392820742 8.377512634569225
7.004872849863158 4.164370373581898
0.47557512049864137 8.36575972916578
3.998139742870425 -6.564650832872909
-7.709147703422767 7.870453968351349
-8.000276334751863 -4.353846952273727
6.556198177087641 -0.37348929182655155
-3.1155823316794162 -4.079209793608074
-2.6080491694729346 0.5380090575800125
3.9081843705852304 8.445078994227966
4.067669728402246 -9.697060140416403
-3.5963878179774644 -6.395265064909685
7.7639306099957786 -4.653955668218003
0.545946530104473 -6.792256578102219
2.9352762017840366 4.827933462107657
-6.588013490965876 1.193957339604399
2.146997205421574 -5.575535682585546
-1.2388326344100165 -6.026830619231969
-9.222033203952652 3.1211153397395286
7.80018568085562 1.8961600080125898
1.1262581297536869 -1.5571002622060277
0.6495443573224673 -8.648462746902844
4.2238328167748875 -3.65887388508896
8.312438510473367 5.594428224207739
2.061094369146863 -6.615895893132899
4.653425495433243 1.6514003528563759
2.941652029880151 0.9496681452039795
-6.773644346810743 0.5092388061668824
-1.6678418410788876 3.7931792498493238
-5.251923109391319 -1.7164858365966928
-9.158378972399335 -1.3345581706950362
7.596448032625119 7.176138887366601
9.859122271377828 2.5807556226831867
5.9182342959612235 6.769398472903031
-6.1015974501062065 -5.1138976793493445
-2.2355088221100257 8.567226306121189
-3.157692949361161 -7.541746921251047
9.128062186156882 9.682764854584764
9.049614182666133 -6.843644669096188
8.839862582519853 -4.8154488768256005
-6.318690880005072 -0.9166521942330697
3.9876450084644173 2.8519262181971854
3.6228786702857576 8.260325085021194
-4.147030564460554 8.953568591217483
5.023757251872418 0.9937667599880591
-7.680859340684611 9.15132073073897
9.74456449898248 5.516309384763536
4.284902626940433 -5.255237052347351
-9.102680227060869 6.407539641948652
-9.174289182737716 1.2102708561410953
3.1833430980614956 -1.1479441145101141
0.6764330368212121 -6.6484266026440375
-7.121911452576521 -8.032170706148927
6.066366083539375 9.367106086687201
1.0816813317576095 5.238681546632273
-0.9805198009699616 -5.2472575981831255
-1.7515332576113458 3.5104689237184807
-0.06016048196778456 -3.8032345035114323
-1.9715961757060168 -1.9386439013404644
-6.365824541967646 -4.512788766090948
4.097680500652473 3.932327185397039
-1.1193792895924926 3.9400201636941077
4.925438575566263 7.004882066750742
-5.765353419399495 8.969690812285197
8.318046940501254 -1.7613700334114295
4.970272467871226 6.162426078322337
0.10188294321340763 -2.9677118293264897
3.8866487722672254 2.57503381773172
-0.5498863094949247 -9.152638148861987
-7.8328453402855285 -0.028860613242965627
7.128504491577338 4.034570876261812
5.560163844734662 0.3195252276283753
2.329804911780224 -4.771127617531663
-4.1423151002928815 0.11772053403602811
-1.2141914320936653 9.72969719269829
7.980097997610006 -5.032773937466224
1.490692145250014 0.9588135216543598
8.932251218767224 1.3150464889877878
-8.361203803987369 3.3890048321001736
6.478199513624606 -1.6105105818071568
9.27451763468082 8.262529701737861
2.5889154986745933 0.09646074258917636
0.6715338659378851 2.9691180410202804
-0.4506801728380889 4.0057759773949435
-9.39690542747945 5.129031193112096
-4.931982694173209 -7.45471481801782
8.43466342919697 -6.772494465392684
6.815149547052339 0.1338909061993494
1.3647084920493846 7.0726687543111275
-3.4791823591359243 9.222817123023646
8.158979489606622 3.399807336698931
-0.9014538120621438 -1.9222257536599958
2.3681470840906034 4.6206431142526405
3.2152974585679743 -6.377060968927022
5.288191621421719 -7.982945874628886
-3.688416149940106 3.780959406757219
-4.182518083266746 8.604465025095493
-0.7177615960806314 -4.518537724259191
6.884003722168906 -8.559098136096214
-6.139548116425438 6.873836485428267
-3.7392749850222344 8.333498090656192
9.204715072847222 -4.7316641234293
-6.643366952693219 9.69501232023201
3.2703183231224777 5.94283338531678
-7.03451100583732 2.728705622975136
9.254118345938338 1.1908363699704765
-8.026107259559524 -7.8293005763779755
-2.266707867697084 -6.150348991421981
5.6747744491416245 9.494727622500758
-8.924163131534876 5.035875565818081
-3.3980367625595465 -9.215033451788122
-1.7173911645353392 -8.071330781869676
0.6960095677784324 2.4084137538423853
-4.37227766552213 8.179538598768314
3.130980381506877 -6.8309335559268
1.2961567381511827 6.890652251137514
-0.7235362664213909 -8.198065610753583
0.6744628170977833 -5.908013490512127
-4.961439289853795 9.465696835493354
-6.9675237887720805 9.260878171127999
-4.7818320163595995 8.31859991308336
-9.959010644277416 8.665844850553405
-1.4556080998870158 -0.6870295893197671
1.9023562435750367 -2.8201823839716393
3.6854573812212 -4.980493961836377
-2.1719589146378793 -5.303796835491483
-8.190986549356591 6.593272669623786
4.179149264479346 -5.605514912267447
8.158268616137356 -2.080861543586585
5.793012479688075 -8.159650936011516
-2.3700893263495315 -5.474861841322078
3.850931569852591 -3.7314091282948176
-2.5156859982308166 -9.971946468352602
-2.9007906658802707 -1.6146312350455183
-5.911950991641774 -1.323728179369727
-7.6823626430444225 2.639614895089032
9.983256986250659 8.98076790993461
-5.363361002319172 -3.848272180831933
2.59797217607983 0.4758354089990533
-1.3637144938833572 1.3509304628037206
6.5560140719058175 -6.673024903601245
-2.882542841387221 4.860967920261178
-2.185409254417989 8.804126440382571
6.017427561158815 -8.712897690650571
-0.24769099443058984 7.564217552612703
-8.8508004763002 -2.7043642352933333
8.849782687589691 2.237776637146368
-4.724056949430075 -1.2595183096037683
-9.250394823064825 -9.009857056747288
2.488919057163571 -8.420422095106407
6.251938002303085 9.528590926774207
0.9393038956074644 5.93722727320972
-8.803460743651392 -9.547542262023832
-5.318639751673153 1.9067183206703966
-5.79843889913445 -9.105844708727558
-9.283564909546273 -4.449125599018213
-8.126019629940158 2.074719463175418
8.284287944659713 -5.953551078730133
-7.6239290777300965 7.698337960221071
4.03029563578723 0.031575976687665985
5.126842463713546 -7.963923809788531
-1.1158991216965735 -3.0462438885216674
-3.0630924507416584 -6.900196550824207
-9.682693238125646 9.579146631246399
-6.980225698897 -8.516906488301128
-2.8951455737686445 6.812207822510146
-4.907916334424058 1.2466774970711842
-7.203252600766388 -2.4119741779863624
-1.8301492743482086 5.651779529596519
-1.1861848674503417 4.837929654879504
-7.312702484251736 -2.404528771541603
8.413250936522317 7.392292569465198
-0.7906096232916848 2.277945573478279
-1.2733262317285572 -4.827312469815077
-0.7212621878723482 -2.067596958737761
-0.3444843758941758 9.138854481646089
-2.167975170778968 9.37401779209814
5.615541692241235 -5.805787497355812
0.1406991875296999 8.675235635599478
-1.045631823611279 0.616933790465378
9.375147776146772 -2.5495663886665154
2.322855053369299 7.5718811039815535
9.661142959541205 6.033758786727724
-8.636709303805958 -9.12802203320515
-6.108137781385792 6.259737158539949
-1.2156867630196384 -3.604113574529821
5.578316291391445 -3.392966957507393
6.224549431188539 -9.56788072242044
9.665557412438744 1.1415101795988143
-8.736024947644982 -1.2919805797923178
8.511564366456483 6.995536124213448
-6.475958404883848 -3.0246916812792524
-3.879763632768527 9.04625448584136
6.0046371271174195 -2.237815546443107
-3.760543441096207 -4.993684560542189
5.6379857998275735 -9.73475396404905
-1.9202789726615084 9.316357539747965
-9.503379461255104 -6.657221431392333
7.178351829815348 0.029293701051605225
-9.825411724889593 -4.815759689456998
8.328858166027484 -0.6977408462426826
0.5680944701898927 -2.530944038605531
-7.485474029575851 -4.837166406027551
4.613800736553106 -3.308890911124678
-9.57014494069127 -0.1080465557191026
-3.4999488520274946 0.8136048975514107
1.4429953095339592 8.666700884880797
8.448299247226583 -4.467738353875122
8.746862755401054 -8.96806090212505
6.369071131535236 1.1630596082206939
8.966145350654052 7.320542495760986
-6.471189486758937 -1.465927040435549
-2.3680587783636824 -7.682241798858815
-0.1790090229559418 -9.750826944208324
0.7053071515574025 -0.7339922394441771
-1.6830908524907606 2.3046882951652172
6.7255216516155585 8.73223087985551
0.4786083211139047 0.2783792167625947
-5.821606064892382 -1.0893636101874264
-3.2515925756098767 -5.826629848239362
4.324499469352265 6.6095288301167265
-9.813456886834803 -3.512038019382966
0.9967268859832004 1.4716409151892194
-2.589530744816713 -0.8044751845156846
5.7710779325759525 9.903196626142204
3.296380952181199 7.056965123460078
-0.5658220296595946 -0.26229599040508234
-6.264432030003091 7.051523499958424
-1.1845117276607446 -8.163741923950422
-5.804770971509836 6.699960008271358
-8.178249462595378 0.6269215840574347
-9.08458438735413 -2.3325504865075146
2.9057120825545635 2.011524705890137
6.280799152447937 -4.72819855279355
6.220723900903899 4.119010417963732
0.23798735741675792 9.38589402836131
4.357329363406077 -5.939763956319208
-4.413845519878928 -2.288504916673652
6.8274887688105075 -7.860088627221915
-3.449232586748443 -1.4850748121006134
-5.643376256283905 3.9071545951530986
7.257236354997069 -3.3467017664754355
2.563195994013981 -0.02309350115090858
-0.44666131691762345 4.083355063631437
1.750056216270897 -6.269759436393709
8.086299680183131 -5.966812764213554
8.301345663403033 7.802382426514438
4.622446865205731 -3.3695667785100536
-2.426751403060205 1.6930311427337195
3.304382329828444 3.018805940981151
-1.813560256962072 -5.115640903827121
-6.127344845047373 -5.141912315950865
-6.727410915326011 2.5278504778909667
-9.164066711059053 -3.4089711606441986
-4.503174852120915 4.061911003125818
3.155725746972621 -1.026162869557064
-0.4274082545127307 9.047975571709888
-8.781279291003033 4.105258677338661
8.504850304741819 9.063608505519895
5.7018405710978435 -5.447493703232629
-2.0578665266239167 9.666881994352575
-3.607846937823453 -7.839412564539163
6.787461927931464 2.2470975795078125
-1.8942017928368866 5.744862905205224
1.612690863549437 2.002691545065776
5.557130260286016 -8.89505873193854
-2.55963447673643 5.337951679434902
-0.6386974590079078 1.6613040613599104
8.101706362379076 7.645955113061206
1.3105515137014194 -6.495662767495459
5.648876190911821 -9.254087551959023
-1.3535254065040725 4.758714769373162
-9.805796105733833 -1.8311126290473076
4.257613336683226 -4.095620885904978
9.068583391799969 6.036649209194614
-7.436290209383179 -4.941372154582049
-2.664215627083757 7.454180439299538
9.305005251898002 0.21211019064414316
0.46895520489917253 -0.8628369221422396
-2.4629954935291494 9.024806538036753
4.390119956114129 -9.578471496317052
-8.161851031538742 -3.9736436476521604
-1.9069932167716974 6.852955934043056
8.069879064805587 -3.071625483443401
9.71407819654867 -6.770026911493541
-3.0144106686047945 -9.7553227280834
8.186158684930188 -5.724907371340846
-3.4329773297453503 7.528623327736149
9.503595990860237 5.034213932957371
-9.826330147194561 -4.724943790600104
9.147409936233021 -2.344718712633629
-4.5772186549714045 -6.10238591573923
0.36343194626345365 6.37299055396014
-7.825381442971171 -7.819548637949949
-8.244050732504295 8.32709635504769
7.079619557930691 -0.7832924914456019
7.0539196001155275 -5.732323985708301
6.851164284069615 -9.915670640109386
-5.073666895563367 0.25146790591294277
-7.240323825697792 6.373138648489306
-2.632151825368341 9.109196474351542
-5.199187687180096 8.165317079367632
1.4453488383615376 8.764566779224353
-4.427460993713619 0.18476815328841312
-8.909404164684691 -6.588592236044708
-8.897095336212093 -8.430916713959514
3.1436983649891665 -6.893797639861243

