1000
-8.722121548479425 2.788287331465755
3.867460606816845 1.9025731792901297
3.041258087831846 -4.874203614142305
5.2731147368830005 1.0193373468752647
-2.5187053325258564 -5.464228874384414
3.8439254118383595 7.942297185179477
-7.055155310399305 6.659442613177607
3.5078287288936867 7.494544035357865
-8.411256053416547 -3.369736469886635
-5.699234646799893 -7.396477361267431
-7.611224246525737 -3.272569914406313
-2.2506470877831024 7.8781418264430485
-7.121251261393116 -0.23716592102980272
-8.148105375619586 2.739196015801358
-9.517896740436132 6.568760635682082
-5.462280602005409 9.316123029711754
6.114889014102406 6.6762899563267695
0.36377248156622954 -2.391742732435751
-2.3196574715981955 0.12203278438783016
4.211268607009014 5.818910488969941
9.14172149736341 -4.706526521536249
7.874136576535257 -2.6942422256998384
-7.948563599120111 2.820854187206848
-9.315119896886188 -2.748832592364538
0.7309463428459395 8.746197642702874
-6.297607131907794 -8.058729777154696
-0.2627224258779002 -8.452295589646653
-1.5098297200596313 -8.547286916150771
-7.181561026691059 7.0704410097593
-3.857728495743067 2.5812139280939093
6.251408934928424 3.0118672545637892
-0.03172621908934303 -6.993835165330617
-3.727221716559999 0.3334253467743302
-3.8726057972818033 9.970721577595768
0.25353581402435665 -7.182938544562827
-9.49416068383795 7.166934807863186
-5.6641043672892355 7.9582051952044495
-2.7396432897020446 -7.949328037306833
-3.5585346166068703 2.4843953854620437
4.704867038216571 -7.528795208123979
2.876464059317179 -5.9886088483319515
7.59596903771925 -3.71448606980808
9.201104586727716 -3.30373450307823
-8.622998400288886 0.5375057853412883
1.5966591424944667 -6.780366209248352
-6.430732965799322 -2.182495223095355
-6.344860575128077 -1.9731700577187627
-9.747081067131232 6.577523797582806
5.332914968375528 7.4804910609582045
1.4589259282298794 -0.5370076556254784
-4.248978229118809 -8.575322441718566
-1.7025742085890094 -0.868239719398753
9.591294854765337 -2.366694662258668
6.776699382817032 -5.433639093126241
-1.971114208485666 -4.286678584829151
-1.479109127907158 2.5456720912633113
9.458113254010247 0.2557187762608226
-3.026492013941711 -1.272730933096204
-7.289976720969316 4.375136074218876
9.177648461267921 -9.298085235174803
-3.9735814944432075 4.251442567978895
-2.1471967414924586 1.4168037746049222
-1.2534610729773341 2.8843714802304667
-3.7580177522056157 -4.475688832711606
-0.5210231193075838 6.994915747278295
-0.9181657725697612 -6.501825338011122
4.472812917007214 -5.145140497036631
-2.9476767558571204 -1.2308219005954708
-7.031628385623778 -5.201528314580943
-0.808565248177711 -8.332425254446946
2.4993958728195977 -5.73195230670512
8.014291659747975 0.6196291945369854
-3.5651517230561485 -2.532359681577079
-4.5450322620239225 5.8308324332478705
8.489958036103516 6.046975821004679
-5.746808216475252 3.5984802756966356
4.502525992047506 -8.289791730484357
9.03703742593082 0.4314792502283069
0.4619232333705465 2.2418260347303676
4.106604471741612 -4.684613310169596
7.594608386812521 -6.83533315013282
0.8026081217635479 5.745858964419144
0.2514090408880332 6.092673684856312
-3.652315340956573 -1.4361703050283907
0.4082082671419389 1.8136657769232905
-1.822854526558931 0.1609011852204123
3.7830931380440695 1.2350548977429447
-6.97019732263697 2.283585143621117
-3.1105823310236858 -9.451893680641232
-1.5515919146352282 9.450189139696153
-8.214353820076658 8.313984349556407
-4.156855897915788 -8.095705630811105
-4.150748565456725 -8.352510229205095
-1.0994841488701468 -5.936061111879914
-2.4066626783374234 -3.727953668348638
8.87390080071826 2.585761429156637
6.361077635975853 0.9421545142766004
9.170916690154758 0.44852609072060545
-6.325549211831563 0.577181081872876
-4.343327179159811 3.870608681731655
7.080173575158547 4.4230192187794
6.220881792992671 -2.5888297140702594
3.52713288380005 5.655793795066845
3.410708577140447 9.264905759944352
-1.3739779767153788 -2.935535911362601
-2.689853558379111 3.5454177093616845
-9.416702446202232 -6.203189477660926
-7.649392108278638 9.262405559087213
-6.8320223627014816 8.625969048266818
1.3663323209728269 -3.266962766814528
0.7612091470023419 7.792309713457016
-7.037885695587156 -8.671993377215632
-9.64506971335254 -3.801859663958716
4.139764662718136 1.7379551069214187
0.30737809123825244 -0.4196554777740893
-0.8663813259607718 -4.643928777747053
-6.270419822656736 8.25874126044986
7.53431879645116 -3.0921391882923093
-4.4316182765938805 2.1555940169649013
-9.966000257646332 -1.8807813369431603
6.767967152977757 -9.995635596153338
-1.4950868254164007 5.999098533195761
6.333245836646281 7.01345767085682
-1.3725687188357796 5.223227733274085
-7.315139433969067 4.723358195702485
7.912282701043463 6.140478800295263
9.387008276326824 -5.606776623318219
9.71577270268289 -5.916341262329801
7.145647479755205 -9.024358882646206
-5.274351911028323 7.951628222194056
-6.083914306908225 8.585932748439788
-4.600823521087875 -3.5601609844233995
-1.974659951898687 0.34502376172843974
-4.036087157655681 8.831507549537363
-4.593924933476026 -4.427431857080311
0.8455305912044473 -6.078178954038016
-8.644675812250009 5.529668582776408
7.766009100141407 5.432718525389081
-0.327389935422957 5.258187696917069
-1.7406355615733915 5.185943477339112
7.598481863609017 -6.4636940810427905
7.981022298862527 -3.6627706951756656
-6.334098978889651 5.567632068100313
-8.059155081474179 8.13462549465536
-2.6066970076362805 3.743837466616771
-4.331288727349745 -9.050861836281637
4.689578745693009 0.6684293242390851
2.32548172419782 5.736008320520565
-9.092380565547868 -4.398051977220446
7.901056876065486 5.6201060206387865
-5.325526518791821 -9.413480566379706
1.8951734848376098 8.959083054605653
-0.05741800356389959 -4.269647648147943
-0.7445384397714943 -6.976922954628437
1.1479466902263553 -5.519569387181418
0.8512154346003147 -4.660086864864102
-3.0724928973133707 -0.8156976828998452
-5.609778188500951 -4.210083165093632
1.5394059425975755 4.839523769240069
5.439896513462708 6.694592861486498
-0.05378340844777618 4.651978598199042
9.092902588931654 0.4285938379110572
2.4626305690092636 4.87193625152506
-3.1786956540613387 -5.505445118835701
-2.0645022580367005 8.349390496590498
0.19223790485378345 -7.464479455489325
0.6155197265081611 6.347846956681327
3.3719768821867575 6.419857798382097
-4.80369346139339 6.3784142594223106
9.724179383234059 -0.681306615565898
6.937907677068388 -9.836311208372738
4.312008268315633 -7.393920824526814
-0.64165767529596 0.3135870163052985
-6.257277546382365 -9.552757365062511
-9.33194699217905 -3.1070642465771092
7.547247283590469 -4.899568475704155
1.9386128272162004 5.783288398790473
-8.833868431738702 -6.75697393383895
4.938436014202232 -0.41091697372408476
9.617208875356432 9.042738926839256
5.634620832749009 8.810929768022415
-6.950808134928863 3.2298888011992837
0.5514925813205522 -3.8935474249928914
-9.36067881486001 9.086885176658004
-2.507204477702782 -0.31821851865633377
-2.3278891008504887 -3.9437874612832013
-0.4241022258389453 3.204443974166775
2.1401350042432306 -0.42162757854886124
-7.907210240674905 -0.8989459000072806
1.8366944382870916 -8.193616977110953
5.404035369543399 -0.29913898466434397
-9.335872559976316 -7.996397758505738
-6.111723080857374 -3.5911269416212876
3.760423968520257 7.7167951832099035
-9.088727946117794 -9.060069595465105
5.050708104723224 -1.7734864751193573
-7.155139343537947 4.617753011320598
-2.0409384557826726 0.3120285542356811
-8.64233388783462 -8.159353182431241
0.27007346611852867 -6.9718018360118705
-7.484265969686287 2.038214508977825
7.508399347012698 2.9768113547261965
-6.327271412857778 -9.208937139601117
-4.291482775178217 4.465119546396322
-5.3042969776662545 -4.741840502338519
4.075791061946472 9.97939853468355
-1.2361301366196926 1.6541541790602565
-9.206168520343528 -4.438437535736998
9.794209526498122 3.2416257954995054
-8.88792069411519 2.9619957298058797
-1.5108498977821334 -3.8491224788403873
5.851419211923952 5.851930623699165
7.067968399280687 7.312559839921601
-9.405449892897497 0.9138450441252228
-6.065037243019655 -6.113944579266464
1.0817470385327344 6.288529467859949
3.8538529032516955 -3.2107830219102613
-1.2884616431422398 -0.3573958466881031
6.639275703963971 -7.717295734574323
-8.450241384205341 6.0304482601166995
-2.057354929754604 5.034825467996086
0.8793067381788369 -8.240360135179056
-0.5989489770836354 3.6904386727023013
1.0768774948481852 -5.370828458564834
-7.765715725968098 -4.309865064751694
1.4818254799595927 3.194864200096001
8.316473773969875 -8.066430916922805
2.9262211516175256 8.126545084196042
5.815232177749669 3.8534724892538357
8.72408125303642 7.256735178087407
-7.317387258091392 5.564525646076767
0.17165305511689333 -7.419281441032628
-9.401416677279773 1.9739369295779436
-0.010469811620122726 2.253049918265086
-5.590864700913785 -9.911775438141724
3.641302394624029 3.5356940597785513
-2.3324564527849523 5.223348732757426
-1.9076687683110656 3.688152987441031
3.578707255490821 6.423011593339819
-9.673837912733461 4.9501007672545345
2.462903862668444 -3.8874127065739295
-6.185022950304761 7.052183883291697
-8.20330417603936 7.863800252859452
-9.855589667235488 -3.8991752538516984
2.955133317010958 -6.882060780490143
-4.878048003057116 2.2179959666266527
-0.02919238787207412 -7.186968221370098
-6.04793798446382 -0.022882714125895376
9.941713555233818 -6.9169223185461215
8.440040169803911 5.461359559422876
-7.83871978387033 -4.4549159092389745
0.6905873232946469 -8.31919383878046
-6.389652601455859 2.1623054069240606
2.3959084371350077 0.12008614003103979
-7.857741417395383 2.269751626710013
6.562116250306254 -9.651766629149405
-4.491343447370831 -4.929322702367854
9.401589113463459 1.907692760072507
4.314973372910494 4.760423096919945
4.122857860776721 3.1095522244495974
0.061001809470571544 7.406640475133429
5.4784899953283706 9.89722856426053
5.613358903580362 8.812582487773728
4.185355215709823 -5.399004435817147
4.7730451745638 -9.187198377230372
-6.289446404555392 9.190898183883636
0.042716423057864716 -0.2017460548753096
-1.579795608330123 0.545753802790788
-6.735317335376472 5.740457791478665
1.7171901660716475 -3.7089034163842367
-7.507929419468542 -7.417976832900086
5.547861922059914 8.919077395218014
0.2719715289670237 -8.416487691438963
8.536616032009526 3.188487599193646
3.4608249959190758 -1.9357459977134326
9.011164171963571 -2.786765173516117
2.7586742321570394 -1.052602795024999
1.3102112447796586 1.182746855102149
-8.65964817718696 3.617125878451583
-0.9808159797560982 -0.6820519657200279
-3.7219509394277495 -6.1813632357394965
7.158531505679758 -9.548403915598357
-6.108861948251175 9.679121933775818
-3.1469470206929007 0.5319332197512221
0.7255092434519366 8.400661836746718
-9.360405521253238 6.383755649314175
5.556113461829472 9.773585578137634
4.324368612794654 4.221166729772941
4.622775831722999 -1.6184822822182472
-7.819933648391366 -1.3085674010522386
-7.74921449873331 6.216978783694117
6.276815828646832 -1.3604914164595794
2.074147864283738 -8.600924319325722
7.869974278688595 4.317981642600014
-9.729195932280518 -1.2175427009025857
-0.9783749629551846 -2.5726986103675964
1.5355226646446596 -3.53061693452982
-3.988431968454746 0.1563529477533656
0.957585492304819 8.58439832176866
2.5974970917788998 -7.696427094971627
-9.463222868386227 9.14377020989264
0.8129596200560325 6.593955349517977
-2.237383835036124 4.449495971578514
-0.2543904891117954 1.4674708600886266
5.498149870472346 -7.839655495791238
8.617158099751304 -2.1004369632623128
7.351063763953718 4.040058759252339
9.49034238878118 2.2245465290597224
0.7812387536189451 -3.6445070144049385
-2.9428628793083167 0.46788849006234656
-8.614680045584846 6.995123349767706
8.21633715457789 1.3535179052884665
-3.884755630603866 -8.39898056757189
2.527546323719834 4.937442733656013
0.6290999855892068 2.355022539352575
-3.8674795205928163 1.7291401365778825
6.5390815476698485 2.5325419934326625
-3.636297499648487 3.1973153615991308
-1.9872773954019944 -2.4649816809152263
-7.986282932775726 8.716798731672363
3.999985397562371 8.834776269032304
5.11847713556682 6.298494655596244
-7.699801750439946 1.113638092712705
4.11047245601088 4.85446168696728
4.749236877129482 -5.150674739525103
-4.672285687384543 4.28535295347822
8.998748492920793 -3.298668968825962
-9.882284326600445 6.3376052993722
1.6756320952085364 -1.729391296329844
8.1547939599692 -6.037077795529435
-9.84861843147544 -9.844930332577974
4.0928851087585585 -0.17725271877440818
5.717320812262921 -7.304453502210966
-5.6950257294762 5.615589192053603
-0.3468499174472566 -2.595472725907076
-6.785859557766882 3.0652068605733636
5.492639681554127 3.79263217282935
4.6001322964970335 4.692827164747381
-4.2682864933199856 5.155449720124841
-7.730710791814168 -2.0932824149063283
-0.7094377298002001 3.8560127453250796
-3.3954680692348767 9.477596484890928
-2.767161740904003 1.7358510077569616
8.766051578590147 9.128520112572549
-1.4386030851213398 -5.489794905049152
2.692238725119152 -9.246964046868044
-4.648556184358858 0.35065669944914113
-3.445714761702849 7.685558769061878
7.048351918543261 -7.6689292753712905
9.946815077520345 4.483068925034722
7.4488424088536895 2.0104168365585977
0.8508000472056274 1.837403644194545
4.700592735402163 -2.8513229002622147
7.2839115135456005 -6.477449205094647
-5.403223266136957 -9.600280139117341
2.557388086545977 4.691530200427014
-9.491577875573432 7.7976657899061195
0.18738506090477358 -0.6274155035602504
9.48889293712513 -4.04907428636273
-5.237313881679071 -8.325424963559701
3.4012024052134215 -4.919240367701154
-1.5504319581867918 9.996623293724355
6.36026984722406 -8.611152612194022
9.318505144821934 6.447195460132779
5.348646177100013 6.711026010638172
7.3063136627411325 -5.287006676352166
9.55562905774865 6.0120049198820205
-3.6187536675615988 -1.2218426771112174
-4.193895976906379 3.9985253396254343
-2.6425617009436912 2.1794550142422775
2.3868523348976716 -9.02392233032889
4.809030983132846 2.8932777274750183
-8.355532934150604 -4.953028167221294
-6.336807334465595 2.4854303265823585
2.92043110883413 -7.154824553089496
-3.694833947026659 9.814845422121106
-8.294682781403257 -5.7739731483288725
9.40738132321869 -0.6324765615770378
-1.6645292038479464 -2.323439259128728
-8.801425459775935 -7.792856444014693
-9.8780532764623 2.684852063595052
-5.482240415640389 3.5639533235417673
-5.50712037014069 -7.095559027428456
8.751813285466575 5.243702227921656
7.546867452653796 9.672547623020364
-5.365671989026071 3.3235316564202417
2.356360422903183 -0.7115412955689866
9.887304078985583 -7.988094645261937
-5.573554280452004 -0.5688984392092156
0.81615520788176 -6.915195950805348
7.9058380708860945 -9.80749575957595
-4.777598339026885 6.970574969524712
5.4632751796428085 -6.573529022933473
-4.6226513412737225 6.340983133127349
-2.8160601211063163 0.4594757203410751
-3.696075043180322 -4.023842076722726
9.406923120326319 2.6834264373635808
4.2428020706602965 3.7062976010060655
-6.883839524998678 -7.852390497912145
2.932776474150799 -3.606857280245803
3.313669423889749 9.989778230547014
-8.785655808389087 -7.8006171084992015
5.74533182264841 9.39401115103874
-5.530725435250126 5.804330413711272
5.415863819093543 6.735614249000783
-5.46209003378584 -3.240664305264902
2.521025177063281 -0.3289941929399838
8.00982332901404 -7.163417912953641
5.741528303797786 -5.846828720924593
-8.837634598169753 -9.989938314608352
-9.715490776781618 3.7009375031613363
1.3255471012581985 8.617670856310994
-1.3751700925408663 3.722967822908153
-0.9193943303732262 -8.711459102216924
5.589891687533395 1.295039931681675
-6.546491517938948 2.379862863272681
6.2480430763378045 -3.4881805053409254
-6.8564456151265745 -9.04737251677908
-4.997935064484345 5.382004208654244
-9.168856140485977 9.72585058262467
7.35563743004133 6.208365559292439
-5.262312087227691 0.984023612309727
-7.987915215293482 1.4918707516168475
-8.135464465421471 7.07266632579406
-9.718894447111424 -4.378269511832622
0.7167110048396736 -2.0979615489537196
2.2106070684365164 -5.039134691917608
7.821145302704174 -9.210802662205928
-5.572840136801762 1.4089444802074809
1.978006867105135 9.003767055967781
-6.63999790995037 -6.877189428727208
2.9376356104591004 4.542929919036553
9.339925591949104 6.796749058087244
7.074487220086091 -2.0536937732949028
-7.9942194071921175 -5.2472673247269945
1.6334086527546194 3.371549780503324
5.517751612347288 7.063412135239933
-8.747530524883045 -9.31335917991966
-6.732052936200197 4.028291473010935
-4.279524626687639 7.9950151863448475
-3.9047331031941868 -2.4538217839099863
-3.693797436322626 7.794818011139753
-4.547087940086989 -8.725344173629095
9.500294121687535 7.883740374106026
-6.456696700209566 -1.0600211296273176
-8.360331008666087 -5.843961316075594
-3.873413324236541 7.758455345043938
5.638194654786803 -3.401497620619507
-9.474685619811945 -0.34697338925371035
-8.073712217816798 2.077288950799346
-8.710719440159618 6.7964236939463305
-0.2939878139783474 7.91770234759397
-0.9490850150348447 -0.015080748288859525
-8.24285932999538 8.814140238085628
4.293035092421347 8.444369823193028
-3.716433309443139 6.267608615821096
7.067161025971334 7.8928801142146305
2.6683517154401404 -5.466663384520894
-3.8579879115648463 -9.967907014484672
4.50959682159894 9.971198789256476
-3.3717982287523762 1.1117553425033666
2.93824017221203 -8.273199361778925
-6.183438258788412 9.80986999749398
-4.027213522595243 -9.16876639132605
-7.216076066316948 -4.606600788968178
-4.455125751501379 2.0926804028181483
-1.7383986538333396 -4.02785761858542
-7.166495748197093 -1.436817931330996
-2.67178325086475 3.631066452814032
-5.325350092184433 1.8990611876610082
-1.3200766950441185 -1.6759772455920654
-0.9331212422647628 3.5936271557512818
6.5474816481953475 -4.365558854076603
6.172522504534442 1.8459684026529892
4.771057839668163 4.856250634879775
-7.282162045773497 -3.260226992813397
-2.889993674018612 -6.679075085182671
-7.6754916051596656 -7.558711651558097
-6.443677820373674 -9.505781029956585
2.0587365093708705 9.285682710643826
9.2368403741972 1.0888078737157691
-3.636905995984958 -9.093773494179606
-7.569326545271831 -9.713300978637694
-6.459804693570305 1.9708676945576187
1.294783786179071 -3.8620464376278214
7.086164573464348 -9.374064332658964
5.081991246441206 -5.700111959040024
4.425780552896379 -3.593142517772425
-5.047877630076698 8.503615191989937
8.98008515099281 -0.839066815323374
-8.081579111535078 6.482401266328196
-1.998857125667545 7.437370312529946
-4.962267146288868 5.569012216448591
8.237558117685062 -4.165067657797037
1.6443979547440293 -5.233159435993722
4.2482469820745035 -0.04228436456337903
-6.755820350616471 0.8222933382779889
-9.939119274811256 4.914720392367935
-4.37402644704753 4.673555438109545
-6.1246860642561485 -1.2909523558869473
9.815434253520966 -8.376493231093981
7.641225297630381 5.3976955973372736
-8.31391872427756 -6.317768434399591
-1.4069022020265258 4.563098020569203
-7.640165665802465 -4.252792720114846
8.204574065621145 3.4226995377710256
-1.0296502184810397 8.636922127145333
-4.471867737659208 -4.186987727958424
-4.071082493121971 1.4663228017744867
6.514926965247078 -1.6802332810240408
0.5241076688871438 -6.549846033792754
-1.3364436140662228 -2.014084996140175
-6.497257474209432 -9.057096002093765
1.225408856071116 -1.6855902951171764
5.221185063007468 -0.6282706413536836
5.198161415038303 -9.3071722390821
-8.977663082343078 1.6913859772128461
-5.532095227157328 6.902076562243316
-4.314845445027268 -4.912147703765177
9.714269474501979 5.031566124607778
6.109882741031882 -4.120016065784076
0.07184474755894854 5.908394226135698
3.8436255984767786 -1.083800380675859
4.045078211646889 -9.941759259583032
-5.382725419249439 -7.764152739006926
-9.19723899487915 6.250832035976476
-9.24378123793706 0.3625654550348365
5.732093043134194 -8.15701535828887
-5.856328853510182 0.31960002870003557
0.011251437191461378 2.4174012883013347
-7.643148922042369 3.304703021498103
2.9632708138517927 -6.374462643644129
-1.3373342067424616 1.9348907443364816
-1.9170372302315535 -8.321972709313147
-2.24905169418731 8.068990019345389
8.88250322175049 -9.41369556359128
3.399701058106256 9.4385767471354
9.080226584020227 4.0442072298788005
-8.29178211442078 -5.334462650362295
3.161062476595431 -2.2514760593833483
4.100351785826854 -4.282830720491713
-2.034028112301476 -6.007415174931053
-2.0083987709428452 -5.552625915046012
3.7216332252214652 -5.472843129177562
-0.16989463481416678 -4.40483942638738
3.8005362208062685 9.96806834141961
5.163032120797606 2.4593285818416337
-3.49443948717183 -5.559864970833866
-6.553743653107073 3.4408645019034
-0.6979984739691929 2.6821138450694963
1.5066292656336913 7.742230465709888
-3.826067402503204 -6.502413871594386
8.882548584222537 -3.2646106984853818
2.16068347314401 -1.7782034505701123
-9.290057250028807 3.8580618700311664
-4.366870271430605 -4.215337381303295
9.387186488812503 0.3703707915886447
8.498393166310173 6.98530211778262
4.94388409324246 6.901679233663792
7.275456066944628 -0.2464028075993241
5.85483885680887 -8.559909297124582
3.8631006685613727 4.459457344721848
-3.018036916078046 -6.735266706896724
3.825491073336929 -6.259385142473288
9.393261775263444 9.293604515405917
-7.850376108258795 4.854925971975014
-2.0005474171549658 -5.582587999257324
-8.317227374829645 -5.776678587866728
7.265168385289456 0.612503870596683
7.83696707077009 -6.385303041239629
-7.306883441831125 -9.02637120945732
-5.348554047020386 5.334196273145025
6.34596292217384 -5.720061003328909
1.9329349037304695 9.811488727042345
8.362112848962372 -6.694715054494454
-9.052498465162751 3.145812621153084
-6.762024101340202 5.806526362765787
-2.9833502941310357 -5.550307917517885
-0.409293035154759 0.9712274452722482
-8.625776626307527 -6.756586142263464
5.181810848052319 -3.921235234566165
-8.23041172871773 5.687483825106568
-4.8265824916285744 -1.7734682067050258
-8.443524286476169 -4.89953528248698
-9.094560655651179 -5.804412999936142
0.3857736879992544 6.994724958807861
-1.0767855225957348 7.877729264753398
-3.875545463425631 -8.227190541276592
5.551666487964814 -0.8413277419222283
-2.748257176460429 -0.7377177807806241
1.003403402142336 -9.25039207434468
-2.2624751059742687 8.427056517639638
8.82458673594467 0.18214118701992277
2.286911166604604 -7.1216168962100745
1.4238143388691888 3.029209397487376
-1.1612282465156394 8.218816239147891
0.4956607588893043 0.38726337376020226
7.334964831689327 0.7876441666833056
-7.65807743439016 8.752652356984225
9.03088914092653 -0.963579841495509
-7.58996307121895 -6.352203941319868
8.996901561282524 -1.4516150025007608
-9.190474484803113 9.700395953696837
-4.035968464814896 9.62573905888513
1.13374230848477 9.351585778215387
-1.7036481264514958 2.4038597488273368
-1.3943982521521932 -0.03341766943314184
-7.373746068247566 -1.388265014752605
-9.617635488068721 4.844053680774758
2.5677925044029166 1.3830307015707604
-9.204022756185639 -2.5319272287077554
8.927163192877835 4.9323616079065395
-2.6281430946457407 -9.680809896067066
-0.04170761841582937 4.446507239389241
-0.33957682092203356 9.658806377889903
0.4654108260243284 -6.7995526287136006
2.232086879459123 -4.076314136560408
-8.066593591123096 8.693275466256278
5.627808825524179 -4.284891233749222
-7.629357195882696 -7.490821645557162
4.623749381093713 -4.16018145962677
4.177843141985862 -0.35615533029924507
-8.140063430209185 -7.542432386847473
1.1105447652884983 -7.8031863603061336
-3.300718919481451 9.11273090273702
-8.718464507703441 -0.38456726551606657
4.1246861194899225 -3.724888963812858
2.153592096071824 3.086249966942205
6.548388273138212 1.9877106581167308
5.601735026591431 5.204820732595653
2.5990872914058905 -1.6830939128965188
-3.6218557211642928 -2.284930784917494
-8.731178641405858 1.523114187127705
-4.308242938193116 -0.10550373887679143
-2.757049910502312 -4.782297239802413
-6.881499989045723 8.071685637090631
3.803018681835246 -4.755459674972946
4.687001742259955 -7.202287077343841
3.3836781728300167 2.622253164214598
-7.2614616796010845 4.353223260943302
2.681243787381458 -3.394102711747138
4.038875467209335 -0.44190807272014965
-0.8471140724004993 3.774426342011923
-3.3764248507372923 3.2607482805809855
-1.1881591914523781 1.022974028673076
2.9872368130981606 6.419389485530587
-8.584549243189628 -9.563354444773175
-2.518943095390931 -0.6525234327388656
-1.540763933843639 2.2451488305045473
-0.838007638575327 3.4810531401446347
1.8316182685683042 -1.5947271604651405
7.84071612682029 -2.0644121689628676
6.550308661356347 3.8308564164629324
0.7044708979248622 -1.8448019924570858
9.692793615674635 4.887566008614604
9.644817182336613 -6.88273358630155
-0.5502485684479197 5.492441162697553
-4.700805013486146 4.840620265430804
-6.828366759777438 0.005833657463119479
-7.180888382468034 -0.6444034823828844
1.3450583160950806 9.0760184341299
6.506678830705038 -8.170521589580005
-4.372924806739286 9.694410213933779
-4.284865194092817 -9.799064720896952
3.3817471327788002 -6.058026721122324
2.7878775354297947 -8.537734268472086
8.604921538167627 -7.74491938754557
5.314463376335306 2.6383898515856075
9.689459921263243 -3.4882858279537103
9.610909082384524 4.546698712008823
8.1746028121639 -4.163423808237338
0.08556013715659105 -9.417975857601878
-0.5604496984935725 -6.253682246907768
0.030680837350470114 -4.943854449569846
6.242751316638984 9.10376736730263
3.3838350735660967 -3.9685853370397943
-0.9252055101009162 -4.677322372319734
4.1320369852298136 -3.8767791454473066
3.4842038229878476 2.362180789596307
0.28553974535997995 -8.59380798601775
3.851845404957654 -5.727207566819157
2.7270603503712447 -6.655827065897637
-4.46893759821455 1.40346042975753
-4.253872910249605 -8.425821326198113
-7.16294526664532 -9.148189737956828
-4.302853064920562 -3.5903151713909924
9.060435303098714 1.337401942589425
-3.0262993381622767 -0.9112396434652066
6.496290285757102 9.400458532714232
0.37047992835914023 -4.922281076333002
9.421487042798809 -7.323811161858103
7.908172949486193 -8.848891388304594
1.0193724701702038 -7.032513017836319
0.32553507784497526 0.5040243546421515
6.442416493429597 -3.063557920211995
8.696764990830275 1.812881352145503
-1.4802456189628117 5.457740799744304
-9.988772363321313 -2.054061309692532
-9.942004140214689 -5.975274204201028
-1.9435350059930183 -2.0649698421029106
-2.7499296251266747 -3.9285044002384772
5.574341569970102 1.8551029464205637
-7.601713493467304 8.67211938137217
1.4140813165852926 -7.581668643127233
-9.025817749955356 5.800676765911245
-2.7151426579203664 9.374719782597612
-2.0208329487718713 8.183490482453212
-7.285498903211492 3.2212752435796794
-8.363660890214955 0.7475905436228274
3.9498036211624843 -6.743023236282719
8.635287454890733 8.767086141852186
2.7877912350852974 -8.319069116164957
-5.531914758531798 2.031786880269003
-5.293740197963102 0.21625932380302793
-5.16391592355284 -7.289923848039644
-7.834239382162589 -1.3475855409999689
9.673537306634508 7.050682730384089
8.58413602492113 5.733782913209497
-9.97452685150064 3.6656651495093335
-8.761389106151718 1.9825882836148274
9.833653104848914 1.8595725313748819
7.2293502895324195 1.329262559562057
9.625853915440757 -7.682595930588068
-4.35769949304661 3.833611148322598
7.170120805482135 9.436645775180345
1.1780351535456273 -4.684748143527413
1.3470411265462605 9.686320622370552
9.767244676136581 1.3719681650564812
-0.19050566224190035 3.598639126422686
-4.927610110385629 -6.950230836554237
-1.5592456002287296 -9.653498351533472
-3.7210190563035344 -0.6613952103090845
-8.811806150617878 3.3327518041909894
2.2088116330337293 7.702844670126673
-7.458709443615572 -7.185255819804349
-5.45857984827359 8.015786195585587
-8.260997860500847 7.3104410981754775
3.8089257155840706 -2.447397020939876
7.7330024188557225 9.37990583198907
-4.166687383556096 -4.893683939045117
-3.0003170201577145 -6.651268942369564
-6.595858881957213 -9.173483500759747
2.485207042880864 2.6375747769519027
8.248550403714091 5.0407274498292765
1.2843392658106279 -7.415345050825906
-8.275642057573876 4.103447135841405
-8.904847014560362 -9.004309029059932
9.170932346059338 4.228080296576344
-8.941856979187113 -6.871543971758376
2.481447621041431 5.292103968816679
1.2796682386646197 -9.5832636484898
8.214019111999047 -4.23401035235803
7.156057430789858 -7.038823392068865
4.438134998586191 -2.7984559084901095
9.556115898220565 4.662123138665791
8.516698560512186 -7.87449856190241
9.986180995101272 6.842251476396907
0.15290643164124162 2.719337596444806
1.053278450912833 1.3044055645266521
-0.7149084773126084 -0.6735461852660087
6.858333225632098 -3.007257051901247
6.791567230341691 -2.386977759690316
5.39280385970118 -4.22706314272419
-2.5285825017049106 -8.881064432118944
5.5785097451296295 2.319828980701786
-0.6039248802296893 1.970479057102171
5.281826731245134 -9.301398574129072
1.480451750450948 -3.313522551480186
3.449833518195369 5.948180003807707
2.0012728968453235 6.2948432755817265
-0.5425979345060021 2.8232403455840593
4.794191348954202 -9.613404467541617
5.820622466350848 5.823845577066711
6.99014800332867 -6.730414464715104
6.623367703668329 -5.2605973759457765
2.4053629865746284 -2.9556872776166143
-6.679795776085018 -1.8437267381823315
8.078242041715015 1.2093805884712499
2.0202635864144085 -6.27395801295563
7.950390863929787 -8.685715744918998
1.9230963489610442 8.464090211537176
-2.68216487659304 0.21239565103467228
3.2689327301636055 4.945786746203977
4.43245374193603 -5.372848334488561
4.982184981265101 9.990266139954901
1.5125315032038351 -2.970383069147675
7.1284300963272464 -8.73059438272726
-3.5747453271187357 -1.7642502660734678
-8.628481377613735 -5.747709294686825
-1.5671308456646784 9.666843665385358
3.808860536068563 -3.006903097985017
-3.351870620140824 5.876793400911637
-1.1206516093371626 3.492981138407645
-1.7764186228049894 -2.26502837572927
0.4797772006887726 -2.285773564482372
4.803114262415452 -5.436333058632643
6.992038131787243 -0.20244878426400348
0.3931329469935747 -0.4358044422701255
-9.38524331701436 3.6311326224330465
1.5646078957611405 -2.974059256815482
-1.7905354381270264 -9.357432908853703
1.7761572543588606 -7.902251476779982
-9.187214293111348 8.53263633176342
5.61223940181155 -5.688755312849521
2.032542595593739 -4.357590088558865
-4.140583204908975 -5.419187809486163
-8.262924518282404 1.742865480106028
6.597580688649568 -7.934883827728763
0.763489330785525 4.258872964503222
8.861917784436763 2.0602135244359197
-5.188063696805574 5.287031923944522
-8.064685106409408 -0.9955438956159046
1.2594602029640338 -0.7604767308233473
2.9597963347075193 -0.2894605877557339
-8.681671035409941 3.543779282590654
-9.690500036401108 -8.89979134292876
1.780179274810056 5.550441795412862
2.0466074186405887 -5.997706573429602
5.528728987403095 -2.3502730556022167
-0.2144622289183733 9.984897079667672
8.070186296227615 9.568977737345005
0.41963808064155117 1.7277169031747892
8.521917999777898 1.921837371512483
-6.58151155613157 9.100639258989279
-2.183668708287481 -1.6978646508633677
-0.21712760698340539 2.8999010576285613
-5.681667837417068 4.563230912704251
0.24834105246077698 6.103264431726846
-2.378865308723814 -6.6037782372773846
4.9572297683447974 8.540817535584601
-5.023406256725864 -0.08192788970412046
4.572876608068837 5.0381590754684815
1.6326456988133558 -0.29662048730543944
-6.311294831819751 -0.6261134788431928
-3.708151266081483 4.5411527538157
-8.611258183911051 -3.196534091506267
5.971415573054005 -6.8293727299344775
0.9450347563849739 -3.563288264778402
0.7365370605375237 -5.652199118199308
-9.108637763029549 -8.583735824686578
-1.904782826116385 -2.1829622744273287
3.0915106198994007 9.629610239845483
9.284215746947972 5.109729808500809
-0.07568357163112793 0.5973487405991733
5.242135346787533 6.564673293032065
-7.663427573411972 -4.784447775450307
-1.242931118170869 3.5624678508075913
3.2687992734993347 -5.809757424023985
-8.907352869760249 5.688907232299709
-3.1622016981374195 -1.7128537097920962
-3.6622789730966065 1.3899791068671252
2.6637983047614338 -1.0699420728522053
-5.208674253476568 7.653755779736208
6.858922048662215 1.2162885355318558
-2.1140178964937117 9.352108958154687
6.447606012142952 -6.922158509113119
-8.5312151723939 2.0978415841602605
-7.63149996442565 4.102105150488089
1.7011512732809138 -6.179522389518666
-2.2887001569108856 -4.563982749769839
-1.5955056966405863 -0.263378066196303
2.470853834594406 8.232805182472816
-5.629500047342848 2.9884429777460184
3.854802899566794 -7.739437553575601
-4.028910082823938 8.946496558823657
2.059912976389313 -1.4229159425641402
-9.655437480067999 -4.979235282434667
-4.563835361397461 -9.414465044677051
-2.499199207272021 9.796430432035613
6.086582563458585 6.32068245184011
-8.120141122075102 5.408586699280988
7.204673836965775 -8.524420946884984
7.214622828371272 -4.707295286704946
-3.1697349735590503 -2.5362560711319926
0.9896737057341038 -4.2046295414648505
-0.7915620891303625 1.7220360347280916
-9.645140190255393 -5.3975647164949025
-5.434850411910503 -1.5054149755300834
0.04351641355638769 -8.46060293207465
0.8670505371156008 7.4982817524015815
4.661658973985261 -1.9785305195195964
-2.98808980594254 -4.8444926614140975
2.6558891672934877 0.27846953089432347
5.899967212427942 -1.5100811211232568
7.334166343376559 8.452296161307935
7.965424431936249 5.316275896960276
1.5049850597566188 8.762435661563785
-8.998774252422983 -3.9845532922409532
-3.3830733753000057 9.157588793143269
0.48914361786344074 -8.029113962688575
4.721943646180938 0.21915893830761135
-3.848875670508292 3.653035252416741
-7.847850435161279 2.5550114816765994
5.0667383440597185 7.373251876961376
-2.5087109498949616 -0.48043898093628634
9.45548893255351 3.88902898916918
3.238473668381694 -0.18109668212967378
-1.8983552507707948 4.3274289299328785
-9.496827954125466 -1.5926382329476585
4.403155676282864 9.30379910851325
-0.8631524713524801 6.0544800419107645
-8.844864343829391 -4.351992046068087
1.8980477313241213 -1.9408575879489725
2.4322863505535697 1.8105819881052287
0.5641547604940644 -9.189834724267989
6.313544073707831 7.806297810629886
4.344405577537211 -8.759645433349899
-1.30384611858325 -1.5370848483457706
-3.4847902101213846 -1.30631608444485
8.075257395834512 -0.22207586213782093
-6.109815487681183 -8.677097340210063
-6.080991938945239 7.34630291401491
-4.44625353477885 -0.1424612725140193
7.148117692796674 3.1074692167495073
2.228492655501368 0.4299217619457618
0.23265906000458259 2.0697383248316186
5.713024808384567 5.119498714300894
-3.4521575963056055 4.205778789277467
-0.9817411507104445 -6.026617612425243
-6.115601865120571 8.372699156895326
2.1466854699166014 -4.516279554524269
5.3881009743382275 -5.104442217926328
-4.099557394690406 3.850134563436482
-7.293120212305373 1.363252151157699
6.670470202821527 0.8281289814362385
0.7528601108136623 2.220885609301069
8.850424098139385 7.5620324341561265
1.2405926876419464 -3.097117182471183
8.33543598235546 7.523686289607557
-6.95836487035977 -6.463732503022859
0.5071994858804736 -4.474248753393191
-8.600455941546723 5.653678297880404
-0.8267092281319108 -0.24883471042056193
5.178263204222418 -2.1091431770256364
9.120011383186878 -6.162071999297616
-8.429220373208597 3.30349146822871
4.254473644801456 4.2810635344406975
-8.926169226927417 9.723465362046465
-4.246966342164312 4.761249380094359
2.038370242308078 -4.515294707142992
-9.800400038700353 -6.517728463644192
-6.265629537531812 5.883990320659754
6.38873754503382 -7.802888753181385
-0.37751616245990505 0.9022296306654258
1.2849051873877144 6.32512959442548
-1.596036485686147 -8.00311675338728
-9.429434745908441 4.410476144606131
-0.5758313771228778 1.1863472713338652
-2.717693881977336 -7.8555069497126695
1.1338673932072787 -0.8177164112529027
3.2255364225296628 -8.727445563992047
6.566480042851925 -9.013959641495573
-7.825295103663783 6.9284319318830825
-1.8317107847164475 -2.849556369138684
1.3074083768441085 -1.7130711874739557
-4.177436767116407 6.81842276925423
-2.1128354258497932 -3.101808681652316
6.537440319056053 -5.314929891673086
-8.098980123667946 4.6647545084227975
2.021329314177251 -1.810103356945195
2.1745781788171783 9.145035853249404
-8.751512892601081 3.531206698321478
-6.571558167599458 -2.2853442975410836
9.121340991201219 9.504664440941784
-5.193545183939321 -5.910395707898561
-0.5349711384707057 6.703282245143825
-3.402442025761081 0.812945222826027
-9.15646210817039 6.2762214336136175
1.1894535655529044 9.529397660385701
7.06572704386582 -2.7710509394634126
-3.2662952352706176 -2.7802124075111223
0.7534250121867956 4.157447631219311
7.568281993381653 1.0400297392299898
7.972706508820451 -1.6556604122509828
-5.865011081883338 -2.993059572181071
-5.316654383426616 4.3049322491924364
6.945594359480978 -1.5041405683343694
1.6403616320618788 1.156361447928413
4.091916740694453 -0.6373121797651145
-6.614526869618946 3.5931483817870262
-0.138496785066323 -6.524364932288678
-0.9048153519362039 0.7876607967007221
3.2119508148089544 7.539599074604244
-1.6938648192627763 -6.805890661455162
9.17333902018514 7.318773032430933
-7.082755114860424 -2.9801246493667914
3.6896245221468646 -1.2892671583793174
-1.6278970183176256 4.038124762384381
-7.023721219354333 4.597894367711628
1.553944383415221 -9.549196713850518
-7.8371597915906355 -4.000084601448544
-9.320529903531288 2.671289325645784
4.80546566473385 -8.22675245663708
3.356673369535745 -9.818886904119971
-5.204029094484952 -5.048285543325912
2.9757393196566078 6.025321973770232
-4.739748223291089 5.7946432834572885
0.7309897324523646 -5.953777755853691
-4.769604563253176 1.7067359086920142
-9.1742456224155 8.615385085680963

